26,48,30,-14,-15,-175,26,-120,6,-100,-142,-37,-64,-49,57,-30,-11,-19,11,-115,-11,15,-38,-38,-32,18,-9,-156,-105,8,-32,-35,11,-85,-46,1,60,26,-120,78,1
25,48,31,-13,-15,-159,26,-34,5,-29,-75,-35,0,-50,-12,-31,-73,-89,-107,-70,-19,-50,115,-39,-31,-80,-14,-74,-4,4,-3,-3,15,-85,-308,-94,10,26,-120,43,1
26,48,30,-13,-15,-175,26,-34,5,-29,-75,-35,0,-49,57,-31,-73,-89,11,-71,-19,-50,-37,-38,-31,-80,-14,-74,-105,4,-3,-4,15,-85,-46,-93,10,26,-120,43,1
25,48,30,-13,-15,-159,26,-120,6,-100,-143,-37,-65,-50,-11,-31,-11,-19,-108,-115,-10,15,116,-39,-32,18,-9,-156,-4,8,-32,-35,10,-86,-308,1,59,26,-120,78,1
66,43,144,-9,70,-175,134,-120,14,-99,-143,-37,-64,-34,57,-31,-11,-20,12,-116,-10,15,-38,128,-32,17,-9,-156,-105,8,-32,-35,10,102,-46,1,60,24,51,79,1
65,42,143,-8,70,-159,133,-33,14,-28,-74,-35,1,-37,-12,-30,-72,-90,-106,-68,-20,-51,115,127,-31,-81,-15,-74,-4,4,-4,-3,15,103,-307,-94,10,24,51,42,1
64,44,143,-9,73,-175,135,-33,14,-28,-74,-35,0,-44,57,-31,-73,-90,12,-69,-20,-51,-38,124,-31,-81,-15,-74,-106,4,-4,-4,16,104,-45,-94,10,23,51,43,1
66,42,144,-8,71,-159,134,-120,14,-99,-143,-36,-64,-37,-13,-30,-11,-20,-106,-116,-10,14,115,127,-32,17,-9,-156,-4,8,-32,-35,10,102,-307,1,60,24,51,78,1
63,66,133,-13,92,-166,139,-33,13,-29,-75,-35,2,-42,52,-196,-71,-89,-38,-69,-17,-46,133,88,-30,-77,-12,-68,-117,6,0,-1,15,110,-118,-94,11,4,38,46,1
128,45,134,46,25,-175,96,-112,-9,-75,-201,-30,-65,165,57,-36,-61,-19,14,-18,5,7,-42,153,-34,16,12,-33,-110,-10,-6,-41,16,14,-42,-15,-19,32,-12,8,1
24,47,33,-9,-15,-158,26,-116,7,-79,-206,-34,-67,-49,-15,-28,-60,-16,-103,-19,5,5,116,-28,-35,18,15,-35,-3,-4,-3,-41,19,-41,-303,-18,-21,28,-67,6,1
26,49,31,-16,-13,-175,29,-112,7,-137,-129,-132,-43,-56,57,-29,-13,-22,12,-17,-57,9,-38,-32,-16,20,-24,-48,-106,-10,-25,-6,27,-58,-48,-56,-20,26,-54,13,1
34,55,30,-20,-14,-165,26,-121,2,-96,-149,-35,-65,-44,50,-197,-10,-17,-38,-115,-7,17,133,-41,-32,20,-5,-155,-116,8,-29,-35,12,-77,-117,0,60,24,-120,79,1
59,72,153,0,97,-166,171,-34,14,-28,-76,-33,1,-44,52,-197,-74,-89,-38,-69,-16,-45,134,23,-29,-77,-11,-32,-119,4,0,-1,14,66,-120,-91,11,-5,33,44,1
88,117,30,111,160,-175,99,-123,-2,-83,-208,-35,-72,63,58,-32,-55,-17,11,-13,4,3,-33,-82,-36,14,14,-33,-108,-5,-6,-42,21,73,-49,-16,-21,-63,-47,5,1
291,46,197,47,2,-175,86,-112,-10,-75,-200,-30,-65,336,57,-35,-61,-19,14,-19,5,7,-42,211,-35,16,13,-33,-110,-10,-6,-41,15,58,-42,-15,-19,31,3,8,1
71,39,167,35,4,-172,128,-34,-3,-30,-74,-38,2,182,-12,-26,-68,-85,-4,-38,-19,-51,73,151,-29,-77,-13,-74,-86,5,-1,0,16,46,-89,-98,11,34,31,43,1
81,39,141,26,41,-172,116,-166,0,-160,-215,-166,-124,80,-13,-27,-141,-99,-5,-77,-108,-70,73,147,-39,-94,-50,-92,-86,9,-86,-101,25,81,-92,-168,11,34,46,40,1
67,84,116,41,123,-175,145,-108,16,-133,-124,-134,-41,-51,54,-41,-12,-21,8,-19,-57,1,-58,4,-19,16,-22,-51,-125,-6,-26,-7,29,87,-57,-61,-20,-24,-15,16,1
82,39,139,30,37,-171,113,-43,-3,-41,-84,-69,-52,86,-24,-33,-50,-137,-3,-135,-74,-55,77,148,-33,-90,-31,-116,-102,32,-57,-64,28,78,-100,-57,14,34,46,64,1
68,87,113,47,125,-170,144,-119,16,-139,-136,-134,-44,-52,-23,-82,-10,-13,-29,-15,-58,6,78,-5,-7,26,-18,-51,-21,3,-21,-2,34,82,-107,-71,-17,-26,-17,19,1
64,39,143,-1,71,-172,134,-60,14,-37,-109,-50,-6,-42,-37,-80,-69,-80,-24,-77,-4,-82,67,126,-23,-84,-11,-91,-26,-2,-9,-22,20,102,-106,-85,26,27,49,30,1
68,47,142,-18,68,-157,132,-47,15,-51,-76,-76,-63,-21,10,-51,-103,-103,-87,-101,-40,-125,103,127,-18,-110,-12,-153,-21,3,-47,-70,33,102,-118,-44,16,20,52,8,1
90,46,132,45,30,-168,99,82,-16,73,56,20,86,117,-59,-129,-20,-130,-164,-117,-13,-64,-29,152,-32,-99,-6,-113,-127,28,-5,13,30,59,-148,-62,9,33,34,57,1
72,78,118,-7,96,-171,134,-41,3,-46,-14,-40,-27,-46,-110,-65,40,-94,-118,-92,-58,-107,-16,53,-24,-101,-29,-115,-105,3,-52,-50,30,106,-129,-71,18,-11,21,19,1
75,99,94,70,132,-166,137,-170,11,-121,-178,-81,-214,-52,122,-39,-230,-24,-66,-32,-198,-42,88,-46,-198,-41,-193,-106,-26,-167,-197,-216,-189,56,-118,-102,-166,-34,-20,-150,1
72,78,118,-7,95,-171,134,83,3,91,37,68,80,-45,-114,-68,-73,-97,-121,-95,19,-110,-17,54,-18,-105,-4,-118,-108,4,-8,4,31,107,-131,-40,18,-11,21,18,1
146,55,117,54,15,-162,70,-168,-19,-124,-176,-94,-213,198,-15,103,-220,-28,3,-49,-205,-36,65,141,-196,-40,-196,-83,94,-168,-198,-214,-194,-28,-105,-134,-165,27,-16,-151,1
23,46,32,-19,-15,-167,29,-170,13,-124,-182,-86,-212,-53,-8,-48,-204,-27,-53,-42,-200,-41,76,-32,-197,-42,-194,-95,-26,-167,-197,-214,-191,-41,-107,-110,-164,27,-30,-150,1
22,46,32,-18,-15,-170,29,-129,13,-155,-109,-172,-158,-56,-13,-45,-188,-27,-65,-43,-221,-40,36,-34,-197,-42,-198,-94,-49,-167,-194,-192,-191,-41,-120,-176,-165,27,-30,-150,1
35,56,27,-3,-13,-170,20,-63,-7,-78,-72,-51,-61,-45,-56,-125,-68,-130,-161,-117,-79,-72,-25,-27,-33,-107,-28,-116,-114,27,-60,-73,32,-65,-148,-57,6,25,-116,53,1
33,55,27,1,-12,-170,21,-55,-7,-38,-107,-52,-68,-50,-117,-64,-84,-99,-146,-97,-53,-112,-23,-29,-21,-107,-23,-133,-104,6,-58,-72,33,-63,-177,-68,17,26,-116,18,1
33,55,27,1,-12,-171,21,-51,-7,-68,-72,-67,-50,-50,-62,-12,-68,-131,10,-120,-81,-68,-22,-30,-29,-104,-33,-110,-95,24,-60,-66,30,-63,15,-56,7,26,-116,52,1
23,47,32,-20,-15,-169,29,-128,14,-103,-113,-14,-180,-52,-19,-61,-196,-27,-64,-41,-149,-41,26,-32,-197,-43,-177,-96,-33,-167,-190,-203,-168,-42,-116,37,-165,26,-30,-150,1
22,46,32,-18,-15,-171,29,-154,13,-179,-113,-180,-192,-55,48,30,-192,-28,-70,-42,-223,-40,32,-34,-197,-42,-199,-94,103,-167,-198,-203,-191,-41,-110,-179,-165,27,-30,-150,1
23,47,32,-20,-15,-165,29,-168,13,-121,-175,-84,-213,-52,121,-33,-225,-27,-67,-41,-199,-41,83,-32,-197,-42,-194,-96,-16,-167,-197,-215,-191,-42,-120,-108,-165,26,-30,-151,1
33,55,27,1,-12,-170,21,-27,-7,-46,2,-38,-7,-50,-104,-69,44,-97,-119,-93,-60,-105,-22,-29,-26,-104,-30,-124,-112,4,-47,-41,30,-64,-127,-72,15,26,-116,20,1
23,46,32,-20,-15,-167,29,-166,13,-117,-180,-82,-213,-52,-8,76,-230,-27,-33,-41,-199,-41,79,-32,-197,-42,-193,-95,107,-167,-196,-215,-191,-42,-112,-109,-165,26,-30,-150,1
35,56,27,-3,-13,-169,20,-44,-6,12,-78,75,-52,-44,-55,-126,-68,-128,-161,-116,7,-57,-27,-26,-35,-94,-20,-109,-124,26,-49,-61,26,-65,-146,79,10,25,-116,58,1
72,78,119,-8,95,-171,134,74,4,91,19,81,70,-42,-115,-68,-45,-57,-129,-73,31,-121,-17,57,148,-58,17,-193,-102,77,60,70,-61,107,-142,-36,142,-11,23,67,1
145,55,119,54,17,-175,73,-159,-19,-186,-114,-190,-193,195,22,29,-180,-29,62,-50,-227,-36,220,142,-196,-41,-201,-81,-27,-169,-200,-202,-196,-25,48,-197,-165,26,-15,-152,1
72,78,119,-9,95,-170,134,84,4,75,58,23,85,-40,-61,-115,5,-101,-157,-79,-29,-147,-19,57,135,-138,-38,-186,-134,37,34,65,-78,107,-148,-62,124,-12,23,25,1
145,56,117,55,17,-175,71,-125,-21,-87,-170,-62,-192,196,59,-101,-249,-29,-118,-50,-186,-36,10,141,-197,-40,-190,-82,-29,-168,-192,-209,-190,-26,-140,-98,-165,26,-15,-151,1
89,46,133,44,30,-167,100,75,-15,59,56,-7,82,113,-62,-135,-10,-133,-162,-183,45,-15,-29,152,62,-46,138,-43,-120,192,94,46,176,62,-145,-54,128,33,36,177,1
74,80,117,-7,96,-171,134,-50,3,-40,-73,-54,-34,-41,-126,-63,22,-154,-114,-172,87,-11,-18,51,58,-112,159,54,-104,181,120,22,184,106,-124,-54,79,-14,19,132,1
89,46,133,45,31,-169,100,84,-15,92,40,68,79,113,-103,-74,-96,-160,-119,-173,63,-72,-26,151,24,-134,131,-104,-123,182,80,20,181,62,-122,-4,104,33,36,166,1
76,100,91,71,132,-175,136,-118,10,-149,-90,-203,-163,-53,-71,-27,-172,-24,21,-33,-226,-42,127,-48,-198,-41,-198,-105,-20,-167,-195,-195,-191,53,19,-214,-166,-34,-20,-151,1
82,86,109,7,97,-175,131,83,-3,75,55,26,86,-45,-58,-127,-23,-130,-166,-119,-10,-61,143,32,-32,-97,-5,-93,-131,28,-4,13,29,102,-152,-60,9,-17,7,58,1
155,64,111,59,19,-164,64,-158,-27,-113,-176,-82,-210,208,118,-32,-228,-34,-63,-114,-198,-27,80,133,-197,-32,-194,83,-21,-169,-196,-214,-193,13,-113,-112,-164,21,-8,-149,1
82,85,108,8,98,-175,130,82,-3,91,35,71,80,-48,-115,-68,-75,-97,-124,-95,21,-109,144,28,-17,-105,-4,-114,-106,4,-8,4,31,101,-135,-38,18,-16,4,19,1
155,65,114,59,20,-169,68,-156,-27,-178,-114,-177,-192,206,-13,77,-188,-34,64,-118,-223,-27,35,134,-198,-31,-200,84,-11,-168,-199,-203,-193,13,31,-178,-164,20,-9,-148,1
92,46,134,45,31,-169,101,-47,-14,-55,-73,-59,-3,117,-72,-36,-93,-98,-75,-76,-18,-1,-18,152,-21,-44,0,-49,-83,9,27,20,-1,59,-91,-36,14,34,32,62,1
76,98,94,69,131,-161,137,-109,10,-128,-83,-118,-136,-54,13,-62,-124,-24,-70,-34,-212,-40,144,-48,-200,-40,-199,-101,-24,-172,-194,-187,-194,57,-118,-115,-171,-34,-21,-155,1
81,86,111,8,100,-175,132,-47,-1,-46,-93,-63,1,-45,-14,-89,-64,-45,-127,-37,-35,-63,147,32,-18,-55,-3,-74,-102,4,23,26,22,102,-125,-60,19,-17,4,36,1
154,65,114,60,21,-161,67,-122,-28,-80,-141,-44,-181,206,-21,-57,-207,-36,-36,-111,-167,-26,97,135,-202,-34,-187,85,-22,-173,-191,-209,-189,12,-98,-61,-169,21,-8,-152,1
154,67,109,61,21,-157,60,-123,-31,-133,-91,-113,-149,209,12,-58,-119,66,-65,122,-212,-28,138,132,-200,-1,-201,-50,-22,-173,-197,-190,-198,-21,-102,-123,-168,20,-19,-156,1
84,110,79,86,136,-164,132,-129,4,-85,-141,-43,-186,-45,-21,-58,-208,-25,-43,-14,-167,73,105,-46,-203,18,-186,99,-25,-172,-192,-210,-186,29,-116,-52,-171,-35,-16,-146,1
22,46,32,-14,-14,-158,29,-118,11,-132,-88,-115,-145,-57,12,-59,-121,-28,-67,-44,-212,-39,140,-34,-199,-41,-201,-90,-22,-173,-196,-189,-196,-41,-107,-120,-171,28,-32,-156,1
24,47,32,-18,-14,-162,29,-124,12,-80,-140,-42,-181,-53,-22,-58,-206,-27,-39,-41,-166,-40,99,-33,-202,-41,-186,-94,-23,-172,-191,-209,-187,-42,-105,-56,-171,27,-32,-155,1
32,55,28,-1,-12,-170,22,-47,-5,-55,-74,-59,-2,-51,-71,-36,-92,-99,-74,-86,-18,-1,-16,-31,-22,-44,0,-50,-83,10,26,20,-1,-66,-90,-36,14,27,-117,63,1
37,57,27,-2,-13,-175,19,-47,-8,-47,-91,-64,1,-41,-17,-91,-62,-42,-128,-35,-37,-62,59,-23,-17,-52,-2,-89,-102,5,23,28,23,-65,-124,-60,20,25,-115,37,1
24,50,31,-24,-12,-162,32,-128,14,-84,-140,-43,-185,-57,-21,-58,-208,-30,-40,-59,-168,5,102,-27,-203,-35,-186,99,-24,-172,-192,-210,-186,-22,-108,-54,-170,24,-29,-155,1
21,44,33,-8,-15,-158,27,-123,12,-133,-91,-113,-150,-34,12,-58,-121,18,-66,114,-213,-21,139,3,-200,-36,-201,-145,-22,-174,-197,-191,-198,-33,-105,-121,-170,30,-27,-152,1
23,48,31,-21,-11,-159,33,-116,14,-131,-87,-117,-142,-60,13,-60,-122,-30,-67,-64,-213,-1,141,-28,-200,-36,-200,100,-22,-173,-195,-189,-195,-22,-110,-120,-170,26,-29,-155,1
38,58,27,-4,-13,-175,20,-45,-6,-49,-88,-62,3,-44,-18,-86,-63,-42,-125,-34,-42,-64,61,-27,-16,-53,-4,-93,-105,8,21,30,26,-64,-124,-57,21,26,-115,39,1
92,46,134,45,31,-169,101,66,-14,56,64,-22,13,118,-57,-41,-83,-99,-73,-81,-5,3,-19,152,-23,-39,6,-47,-92,9,26,11,-2,59,-84,-39,14,34,32,63,1
76,97,92,69,131,-161,136,-67,10,-86,-59,-134,-88,-57,25,-9,-117,-24,3,-34,-202,-40,133,-50,-197,-40,-192,-101,-32,-172,-180,-165,-193,56,15,-185,-171,-33,-21,-155,1
73,79,121,-7,98,-169,137,66,5,66,53,-11,18,-37,-16,-75,-67,-40,-114,-34,-46,-65,-17,59,-18,-50,-8,-81,-102,3,16,27,24,107,-116,-59,20,-12,21,35,1
144,56,119,56,18,-153,74,-69,-20,-43,-110,-29,-108,195,47,-30,-233,-28,-48,-48,-128,-35,129,143,-200,-39,-176,-82,-44,-174,-175,-186,-189,-25,-131,-74,-171,27,-16,-157,1
97,51,127,51,26,142,88,68,-22,64,59,-20,18,136,-18,-78,-65,-36,-112,-28,-48,-65,-91,153,-18,-46,-9,-97,-101,4,15,29,25,42,-112,-61,20,32,20,35,1
81,109,88,84,138,-156,137,-79,8,-48,-126,-26,-122,54,50,-30,-237,-18,-64,97,-129,-29,136,19,-202,-31,-176,-192,-48,-173,-178,-193,-186,38,-142,-62,-170,-35,-2,-151,1
81,86,112,8,100,-175,133,67,0,69,52,-5,18,-42,-16,-75,-68,-41,-116,-34,-45,-64,148,35,-18,-51,-7,-78,-103,4,17,28,24,102,-120,-58,20,-17,5,36,1
154,68,110,62,22,-157,62,-131,-32,-127,-103,-93,-164,208,5,-4,-121,66,-63,121,-205,-28,138,133,-200,-1,-199,-50,58,-174,-199,-194,-198,-20,-104,-107,-168,20,-19,-157,1
81,85,111,9,100,-175,132,68,-1,62,61,-15,12,-47,-57,-41,-85,-99,-77,-91,-1,6,148,31,-23,-35,9,-43,-89,9,28,9,-2,102,-91,-37,15,-16,3,63,1
154,66,117,60,23,-158,72,-76,-28,-101,-62,-148,-96,204,17,-13,-108,-37,6,-118,-212,-26,127,137,-197,-33,-196,87,-39,-173,-184,-169,-197,12,23,-189,-169,20,-11,-153,1
97,52,128,52,28,139,90,67,-22,55,67,-25,15,134,-58,-43,-82,-98,-72,-78,-7,2,-91,153,-23,-39,5,-48,-96,9,27,13,-2,44,-82,-40,15,32,21,63,1
84,110,79,86,136,-164,132,-133,4,-97,-130,-50,-184,-46,-14,-24,-194,-25,-45,-14,-173,73,98,-46,-203,17,-188,99,55,-172,-194,-208,-186,29,-105,-51,-171,-35,-16,-146,1
44,173,70,-2,26,-175,70,-58,-154,-76,-73,-68,-63,-62,-51,-121,-66,-134,-155,-122,-82,-72,195,-52,-34,-106,-29,-116,-123,26,-61,-72,30,-102,-142,-59,3,32,-123,51,1
42,173,69,-1,27,-175,71,-60,-155,-42,-112,-54,-77,-64,-104,-63,-86,-102,-114,-100,-56,-114,196,-63,-21,-110,-26,-133,-104,1,-60,-74,30,-102,-125,-67,14,32,-123,13,1
43,173,69,-11,30,112,72,-57,-155,-74,-74,-68,-63,-62,-51,-120,-66,-134,-156,-123,-83,-71,-65,-78,-34,-105,-29,-116,-125,26,-61,-72,30,-100,-144,-58,4,50,-123,51,1
40,172,68,-9,32,107,73,-60,-156,-42,-112,-54,-77,-64,-105,-62,-87,-103,-114,-100,-56,-115,-64,-88,-21,-111,-26,-134,-103,1,-60,-74,30,-99,-125,-67,13,51,-124,13,1
41,172,69,-5,30,-175,72,79,-155,87,35,64,71,-64,-101,-60,-76,-100,-111,-98,8,-113,-66,-80,-21,-108,-11,-132,-100,-1,-18,-7,27,-101,-123,-39,14,42,-124,13,1
44,173,69,-8,28,-175,72,-51,-154,3,-79,68,-63,-62,-44,-117,-69,-131,-149,-119,-7,-62,-68,-71,-38,-98,-25,-111,-116,24,-54,-65,25,-102,-137,74,5,42,-124,54,1
43,173,69,-7,29,-175,72,79,-154,70,54,19,77,-62,-48,-118,-26,-133,-151,-121,-18,-69,-68,-72,-36,-103,-11,-114,-120,25,-13,-2,28,-102,-139,-67,4,42,-124,52,1
41,172,69,-5,30,-175,72,-47,-155,-50,-19,-45,-37,-64,-99,-57,30,-96,-108,-95,-61,-110,-66,-82,-24,-103,-32,-129,-96,-2,-57,-57,26,-101,-122,-69,16,42,-124,14,1
60,71,61,2,10,-171,37,-71,-31,-40,-116,-34,-81,-40,-99,-74,-83,-21,-133,99,-61,-43,-37,63,12,-49,-36,-72,-108,9,-47,-53,24,79,-145,-55,46,10,60,28,1
62,70,64,-4,9,-171,35,-46,-28,-46,-82,-69,-56,-40,-43,-126,-39,-12,-177,105,-68,-28,-39,76,-14,-45,-20,-70,-133,37,-45,-45,42,71,-169,-50,11,10,55,61,1
54,70,57,10,3,-170,45,-68,-32,-83,-69,-57,-65,4,-68,-121,-61,-38,-146,-32,-65,-12,-42,67,-26,-48,1,90,-125,56,-29,-67,43,92,-130,-71,36,13,56,76,1
49,67,56,14,7,-171,48,-46,-30,-48,-81,-71,-59,-1,-119,-63,-87,-38,-99,-25,-28,-18,-39,69,-12,-43,3,94,-118,16,-33,-65,44,95,-103,-46,22,16,48,16,1
61,68,59,-7,11,-170,34,-46,-24,-57,-83,-64,10,-47,-12,-78,-68,-37,-110,-8,-40,-39,-35,103,-13,-33,-7,-56,-98,7,7,25,34,55,-110,-56,37,12,34,38,1
45,64,45,16,14,-171,51,-47,-27,-44,-88,-56,0,-27,-56,-36,-82,-43,-70,-23,-5,-5,-30,86,-25,-29,3,-34,-86,25,19,8,12,96,-84,-39,26,19,24,79,1
49,66,67,12,1,-172,48,38,-27,8,61,-49,16,11,-58,-38,-70,-33,-52,-31,-45,5,-28,72,-27,-23,-7,76,-95,44,10,21,18,89,-59,-56,48,18,49,91,1
51,66,66,9,0,-169,49,-55,-26,-43,-97,-10,-1,8,-9,-107,-50,-35,-139,-25,-12,-3,-38,70,-31,-27,7,77,-63,48,20,12,25,92,-125,39,47,17,47,90,1
56,68,70,2,8,-171,39,53,-26,37,60,-24,3,-16,-44,-49,-91,-40,-70,73,13,-24,-29,77,2,-43,3,-36,-97,1,12,-11,10,75,-78,-36,42,15,50,39,1
59,68,71,-3,7,-169,40,-72,-25,-42,-102,-13,-36,-16,-1,-116,-68,-29,-168,74,26,-29,-39,73,-8,-33,9,-45,-51,2,3,-35,17,79,-153,18,49,14,49,43,1
59,69,69,-1,9,-169,44,38,-26,53,14,-1,10,-25,-1,-71,-78,-16,-118,81,-16,-31,-36,61,-5,-25,-5,-60,-99,3,15,12,20,85,-127,-53,57,14,52,45,1
56,67,70,2,9,-171,43,-54,-25,-61,-72,-31,6,-22,-93,-24,-36,-24,-77,78,-38,-31,-28,67,1,-29,-16,-46,-50,1,12,24,7,82,-110,-29,57,15,50,45,1
51,67,63,9,2,-169,51,53,-27,58,38,-14,15,1,-18,-61,-60,-32,-102,-21,-54,-26,-37,68,-26,-42,-5,77,-99,49,0,22,39,95,-110,-68,32,17,44,76,1
48,65,65,12,4,-171,51,-71,-27,-69,-69,-40,-11,3,-115,-15,-24,-35,-71,-26,-48,-10,-27,69,-25,-30,-24,76,-38,45,-17,14,28,94,-110,-83,39,18,44,85,1
49,67,67,14,3,-174,48,-51,-29,-69,-65,-57,12,9,-74,-31,-77,-33,-55,-30,-50,5,75,71,-25,-22,-9,77,-90,45,9,26,20,90,-67,-55,48,17,50,92,1
43,64,63,21,10,-175,53,-71,-28,-71,-70,-57,-10,4,-25,-64,-37,-16,-77,-19,-40,10,171,74,-10,-1,-13,89,-92,10,-18,12,34,94,-76,-38,62,21,42,50,1
61,70,69,-3,8,-174,44,-53,-27,-36,-109,-51,2,-24,0,-87,-72,-17,-132,81,-3,-30,51,62,-4,-25,1,-57,-102,3,20,7,19,85,-135,-55,58,12,53,46,1
62,69,70,-6,9,-174,39,-74,-24,-44,-95,-27,-47,-38,-31,-41,-43,6,-90,103,24,11,165,79,-28,-1,11,-74,-75,38,-2,-26,11,73,-112,-48,54,13,50,96,1
61,68,59,-7,11,-170,34,50,-24,43,49,-34,16,-48,-13,-67,-69,-36,-101,-7,-45,-39,-34,103,-14,-32,-10,-56,-99,7,3,24,34,55,-105,-56,37,13,34,37,1
43,63,46,17,15,-171,53,-51,-26,-64,-70,-44,8,-30,-94,-20,-38,-44,-77,-20,-45,-24,-29,85,-20,-44,-15,-30,-42,20,5,25,21,97,-114,-41,22,20,22,65,1
46,64,45,15,14,-171,51,50,-26,45,47,-23,6,-25,-45,-41,-75,-43,-69,-23,1,-3,-31,86,-26,-28,5,-34,-92,24,18,1,11,96,-80,-42,26,19,24,79,1
47,64,47,12,12,-168,52,-70,-25,-44,-97,-24,-28,-20,-2,-118,-57,-46,-165,-19,19,-18,-39,83,-32,-38,15,-35,-63,27,15,-24,22,97,-152,25,24,19,24,74,1
48,42,-18,7,10,-175,18,-48,26,-47,-95,-64,2,93,-11,-86,-66,-46,-124,-39,-35,-65,-51,-82,-20,-56,-4,-89,-99,2,20,24,22,-107,-122,-61,18,38,-133,34,1
52,78,18,55,3,-175,27,-48,-13,-54,-80,-59,-2,62,-65,-32,-94,-101,-70,-88,-18,-5,-86,-125,-26,-47,-3,-51,-77,7,21,15,-2,-90,-88,-37,12,18,-125,60,1
48,42,-18,6,10,-175,19,75,27,79,35,36,129,93,-11,-76,4,-50,-119,-30,98,-56,-51,-82,99,-60,120,-80,-103,60,153,156,42,-107,-123,-59,15,38,-133,39,1
51,76,18,54,3,-175,27,74,-12,76,36,30,130,65,-9,-74,9,-51,-113,-31,95,-59,-85,-124,96,-61,116,-83,-100,56,150,155,40,-91,-117,-63,13,19,-125,37,1
47,42,-18,6,10,-175,19,35,27,54,-73,54,118,93,-7,-117,-59,-82,-163,-56,138,-18,-53,-82,71,-57,148,-54,-60,75,159,138,68,-106,-148,39,14,38,-132,55,1
51,76,18,54,3,-175,27,45,-12,58,23,27,-12,65,-23,-58,-74,-76,-84,-113,11,25,-87,-123,-35,-3,11,-63,-94,11,17,-15,-3,-90,-88,63,27,19,-125,76,1
42,67,1,-3,17,-174,-6,75,39,69,63,24,125,19,-60,-41,-46,-93,-66,-77,119,-9,-37,1,90,-54,135,-37,-95,68,158,150,46,-137,-76,-40,13,12,-130,47,1
59,123,25,24,-7,58,12,74,32,70,59,28,125,-54,-56,-38,-49,-95,-65,-79,119,-9,-91,-19,85,-55,134,-37,-91,65,156,147,46,-110,-77,-39,11,-33,-124,46,1
48,42,-18,9,10,-175,18,52,26,31,64,-48,10,92,-33,-45,10,-13,-88,-34,-54,-43,-48,-83,-18,-10,-17,-117,-88,-4,-2,25,26,-106,-103,-56,38,39,-133,35,1
52,79,17,54,3,-175,27,41,-14,20,-12,-30,131,60,-108,-19,47,-66,-78,-51,70,-42,-85,-126,99,-62,96,-55,-41,46,142,157,24,-89,-116,-53,16,16,-125,36,1
42,64,-1,-4,17,135,-5,-48,38,-56,-75,-60,-2,26,-68,-34,-93,-100,-71,-86,-20,-3,-38,0,-24,-45,-2,-51,-82,8,23,18,-2,-136,-87,-38,13,15,-130,61,1
48,41,-17,15,8,36,18,-48,22,-45,-96,-63,1,93,-13,-86,-66,-46,-127,-38,-34,-63,-49,-85,-19,-55,-3,-87,-103,3,22,25,22,-102,-127,-59,19,38,-131,36,1
46,43,-18,3,10,-175,17,-48,27,-47,-94,-65,2,91,-12,-86,-66,-46,-123,-39,-35,-65,194,-76,-20,-55,-4,-90,-99,2,20,24,22,-108,-122,-61,19,38,-133,34,1
52,75,17,58,4,-175,25,-48,-14,-53,-79,-59,-3,70,-66,-33,-94,-100,-73,-88,-16,-3,134,-121,-24,-45,-1,-49,-79,8,23,16,-2,-85,-90,-36,13,21,-124,61,1
42,67,0,-3,16,-174,-6,82,37,90,38,66,78,17,-110,-66,-73,-97,-117,-96,15,-111,-47,3,-19,-105,-6,-131,-108,2,-11,1,30,-136,-127,-40,17,12,-130,17,1
47,41,-18,8,9,-175,18,-48,24,6,-78,73,-56,92,-51,-122,-69,-129,-159,-118,3,-57,-52,-80,-36,-95,-23,-107,-125,25,-51,-62,25,-105,-147,80,8,38,-133,57,1
47,41,-18,9,9,-175,18,82,24,75,54,27,84,92,-54,-124,-25,-132,-163,-120,-11,-63,-52,-81,-33,-99,-7,-111,-129,26,-7,8,29,-105,-150,-61,7,38,-133,56,1
42,67,0,-3,16,-174,-6,-45,37,-46,-18,-43,-32,16,-108,-63,38,-93,-114,-92,-58,-108,-46,3,-25,-100,-29,-128,-104,2,-53,-53,29,-136,-125,-71,18,12,-130,18,1
46,42,-18,7,9,-175,16,-58,25,-38,-111,-48,-72,90,-113,-68,-84,-101,-124,-99,-54,-112,194,-75,-20,-108,-26,-131,-107,4,-60,-72,32,-107,-134,-68,16,38,-133,17,1
52,75,17,58,3,-175,24,-55,-16,-73,-72,-65,-57,70,-57,-126,-67,-133,-163,-121,-82,-69,127,-118,-33,-104,-30,-115,-129,27,-60,-70,31,-84,-150,-56,6,20,-123,54,1
42,64,-2,-5,16,137,-6,-56,36,-39,-109,-52,-70,24,-113,-69,-84,-100,-121,-98,-54,-112,-46,2,-21,-108,-24,-133,-111,4,-59,-72,32,-136,-129,-68,16,15,-130,16,1
47,40,-17,18,7,35,17,-52,20,-68,-73,-64,-53,92,-59,-126,-66,-132,-169,-122,-82,-64,-50,-83,-31,-100,-32,-112,-136,27,-60,-68,31,-100,-158,-50,8,38,-131,56,1
46,42,-18,7,9,-175,16,81,25,91,34,70,77,90,-111,-66,-77,-98,-121,-97,19,-110,194,-75,-18,-105,-6,-129,-104,2,-11,1,30,-107,-133,-36,18,38,-133,17,1
45,73,0,-1,18,-175,-6,-42,36,15,-79,75,-51,11,-57,-129,-69,-128,-159,-115,7,-59,203,7,-36,-96,-20,-109,-119,26,-49,-61,26,-136,-143,75,9,7,-128,57,1
46,42,-18,5,9,-175,17,82,25,75,54,27,84,90,-55,-125,-25,-131,-163,-120,-11,-63,193,-75,-32,-100,-7,-111,-128,26,-6,9,29,-107,-150,-61,7,38,-133,56,1
44,71,1,-1,17,-175,-6,-45,36,-46,-19,-43,-31,6,-109,-66,42,-91,-115,-90,-57,-107,204,7,-25,-98,-29,-128,-111,3,-52,-51,30,-135,-123,-71,20,9,-128,19,1
42,65,-3,-5,16,138,-6,81,36,72,56,20,84,26,-56,-126,-22,-131,-161,-119,-14,-64,-49,2,-33,-100,-7,-113,-125,27,-7,9,29,-136,-146,-63,8,14,-130,56,1
48,41,-17,20,7,33,16,-38,19,-46,-10,-36,-22,91,-111,-65,36,-94,-123,-93,-59,-106,-47,-84,-23,-101,-32,-124,-98,2,-53,-49,29,-100,-138,-70,19,38,-131,20,1
42,64,-2,-5,16,137,-6,82,36,90,37,67,78,24,-111,-66,-74,-97,-118,-96,16,-110,-46,2,-19,-105,-6,-130,-107,3,-11,2,30,-136,-128,-40,17,15,-130,17,1
47,40,-17,17,7,35,17,-48,20,6,-78,74,-55,92,-53,-122,-69,-129,-162,-118,8,-54,-50,-83,-35,-92,-22,-106,-130,25,-50,-61,25,-100,-151,84,9,38,-131,58,1
54,90,-36,15,16,-175,-37,-50,82,-55,-84,-59,-1,62,-58,-28,-95,-104,-65,-91,-20,-9,-78,-87,-30,-51,-7,-54,-73,6,15,11,-2,-151,-84,-39,10,-31,-135,58,1
60,75,-78,-7,27,-175,6,-50,70,-53,-96,-69,3,90,-4,-79,-70,-52,-111,-43,-39,-72,-74,-121,-26,-61,-10,-95,-91,-1,10,18,21,-137,-110,-66,15,-10,-135,30,1
26,49,31,-17,-13,-160,30,-111,8,-136,-128,-133,-42,-55,-4,-32,-14,-22,-110,-18,-57,9,121,-31,-15,20,-24,-48,-3,-10,-25,-6,26,-59,-309,-57,-20,26,-54,13,1
24,49,30,5,-12,-173,24,-36,-1,-38,-70,-54,1,-56,-13,-28,-51,-66,-6,-53,-1,-61,73,-29,-14,-69,85,-46,-85,156,26,0,178,-81,-94,-108,74,30,-119,159,1
34,55,29,-19,-14,-164,26,-128,2,-103,-148,-40,-79,-46,50,-198,-16,-17,-38,-111,-10,16,132,-42,-16,20,-7,-157,-114,8,-24,-19,13,-76,-117,-1,60,24,-120,78,1
33,54,29,-18,-14,-165,26,-104,2,-92,-123,27,-26,-48,50,-198,-7,-9,-38,-82,134,5,133,-44,-10,17,146,-165,-117,99,98,12,162,-76,-119,73,58,24,-120,73,1
63,41,144,-4,75,-173,136,-40,15,-36,-88,-43,9,-47,-6,-67,-60,-56,-65,-41,-3,-24,7,124,-10,-47,10,-31,-21,20,25,22,20,104,-95,-70,20,25,49,52,1
65,43,142,-8,67,-174,131,-44,12,-45,-83,-75,-49,-33,184,-84,-101,-90,2,-92,-52,-114,55,128,-20,-94,-26,-142,-121,-3,-58,-69,26,103,-68,-52,26,25,54,13,1
63,41,142,-4,68,-160,132,-45,12,-43,-87,-72,-50,-39,-8,-35,-97,-88,-116,-94,-54,-112,134,127,-18,-89,-32,-140,-8,-4,-60,-68,22,103,-294,-52,30,26,53,16,1
63,45,141,-11,70,-175,133,-45,13,-41,-89,-69,-51,-41,31,-14,-54,-135,12,-133,-75,-50,-15,124,-36,-87,-37,-107,-84,28,-60,-65,24,105,-64,-60,11,23,54,62,1
48,60,45,0,12,-175,36,-111,-19,-87,-136,-27,-62,-37,56,-32,-10,-24,10,-26,-9,2,-37,109,-21,0,-13,-96,-105,30,-35,-38,5,71,-46,5,76,17,17,93,1
46,60,45,8,9,-158,50,-35,-22,-21,-86,-14,-8,-21,-14,-31,-77,-48,-105,-23,-8,-17,113,88,-34,-39,-10,-39,-5,28,-9,-19,18,94,-306,-55,23,18,21,75,1
82,86,110,7,97,-175,131,155,-2,167,114,108,84,-43,-56,-124,-30,-130,-163,-118,-7,-60,143,33,-25,-96,12,-93,-133,28,34,54,29,102,-151,-58,10,-17,8,59,1
95,54,126,53,28,140,87,-47,-25,-49,-83,-78,-52,133,-136,-51,6,-79,-118,-79,-49,-103,-90,152,-11,-76,-20,-143,-80,7,-54,-67,31,42,-139,-50,45,30,21,30,1
95,53,126,52,27,141,87,91,-24,54,125,14,98,133,-59,-130,99,-129,-160,-114,44,-62,-90,152,-26,-99,22,-109,-120,26,30,24,28,42,-144,-73,9,31,22,56,1
84,111,73,89,136,-170,129,-146,4,-174,-110,-181,-189,-45,70,168,-197,-24,-67,-13,-223,71,42,-46,-198,14,-198,102,214,-167,-198,-203,-190,21,-120,-175,-165,-32,-14,-142,1
94,53,127,53,29,140,89,149,-24,123,96,58,211,131,-113,-69,73,-95,-121,-77,85,-108,-90,152,39,-104,62,-129,-112,12,145,188,32,45,-129,-14,14,31,23,18,1
79,110,86,87,138,-166,136,-174,9,-125,-182,-84,-216,55,0,45,-231,-19,-24,96,-199,-27,84,20,-198,-29,-194,-192,130,-167,-197,-216,-190,33,-114,-102,-164,-33,-1,-146,1
82,87,110,0,99,-175,132,149,-2,125,95,59,211,-41,-114,-69,68,-95,-123,-90,89,-107,140,30,39,-104,65,-113,-110,13,147,188,33,101,-133,-11,14,-25,3,19,1
154,67,104,61,19,-165,53,-158,-32,-114,-178,-83,-211,212,93,87,-229,65,-7,123,-199,-28,81,128,-197,-6,-194,-52,208,-168,-196,-214,-193,-22,-105,-117,-163,19,-18,-151,1
93,46,134,45,31,-169,101,206,-14,148,218,-28,152,118,-55,-43,-19,-100,-72,-83,-3,3,-18,152,-24,-39,6,-48,-95,9,26,10,-1,59,-82,-40,14,34,32,63,1
73,80,120,-6,98,-169,136,-69,5,-41,-97,77,-34,-38,-13,-118,-52,-84,-175,-61,27,-20,-18,55,-32,-59,20,-52,-52,8,21,-22,14,106,-156,199,13,-14,19,54,1
144,57,122,56,20,-158,78,-71,-21,-94,-59,-145,-90,192,14,55,-106,-29,159,-51,-209,-34,123,144,-195,-40,-195,-78,-41,-173,-182,-164,-198,-22,178,-194,-171,26,-15,-156,1
76,99,97,68,131,-164,139,-134,11,-103,-126,-52,-184,-51,63,-31,-191,-23,-48,-32,-174,-41,97,-44,-204,-40,-188,-105,176,-171,-195,-208,-185,60,-105,-49,-172,-34,-20,-155,1
72,79,121,-7,97,-169,136,208,5,238,124,207,107,-38,-17,-74,-68,-39,-112,-34,2,-66,-17,59,-19,-50,-10,-83,-103,4,13,27,25,107,-115,-48,20,-12,21,35,1
144,55,119,55,17,-153,73,-64,-20,-40,-103,-29,-100,195,187,-28,-234,-28,-53,-48,-125,-35,131,143,-200,-40,-174,-82,-45,-173,-172,-182,-188,-26,-129,-78,-171,27,-16,-156,1
72,78,119,-4,98,-171,136,-62,5,-68,-64,-37,-8,-45,-118,-23,-22,-71,-89,-51,-43,-35,-12,53,-18,-62,-27,-54,-40,2,0,28,8,106,-129,-49,13,-11,17,44,1
144,57,119,57,19,-157,73,-131,-22,-124,-108,-90,-166,194,18,35,-117,-29,-66,-50,-204,-35,137,143,-200,-40,-199,-79,75,-174,-199,-195,-199,-25,-100,-109,-171,26,-16,-157,1
48,42,-18,6,10,-175,19,50,27,51,-35,18,131,93,-10,-92,-25,-53,-131,-36,113,-55,-51,-82,85,-60,127,-74,-99,57,154,151,46,-107,-128,-56,16,38,-132,38,1
43,69,-1,-2,18,-175,-6,-66,39,-42,-93,-15,-26,22,-29,-60,-71,-75,-87,-113,11,26,-46,2,-33,-1,12,-64,-97,13,21,-9,-1,-137,-90,68,29,10,-130,77,1
51,161,67,-4,37,119,73,-42,-139,-39,-90,-52,9,-69,-37,-23,-75,-22,-49,-58,-19,-8,-62,0,-29,-31,-4,66,-76,34,-4,-8,32,11,-66,-47,20,23,-7,70,1
44,159,65,-14,47,102,77,-42,-141,-53,-87,-68,16,-17,7,-58,-79,-20,-91,82,-36,-24,-61,38,-16,-31,-10,-95,-86,11,-11,6,37,-24,-99,-56,28,45,7,29,1
54,161,68,-2,33,-175,71,-42,-138,-38,-90,-51,8,-68,-35,-25,-75,-22,-48,-60,-18,-9,202,2,-28,-31,-4,65,-79,33,-4,-9,32,11,-63,-48,19,19,-6,69,1
46,159,65,-14,45,-175,76,-42,-141,-52,-87,-68,16,-17,7,-59,-79,-19,-91,83,-35,-24,197,38,-15,-31,-11,-95,-85,10,-11,5,37,-24,-98,-56,29,43,7,29,1
16,63,23,61,22,-155,-3,-112,-33,-111,-87,-71,-137,-56,12,-61,-115,-27,-57,-43,-192,-37,128,14,-198,-40,-194,-89,-42,-171,-193,-185,-191,-56,-141,-66,-168,30,-32,-154,1
94,95,4,-43,-2,-164,30,-114,-9,-78,-120,-40,-157,-34,-8,-28,-149,-25,-47,-39,-158,-39,62,-59,-201,-40,-183,-95,-25,-170,-188,-200,-184,-36,-72,-53,-168,-32,-31,-153,1
75,82,-1,-34,10,-171,33,-60,6,-32,-101,-35,-21,-61,-32,-34,-66,-39,-71,-39,15,-8,-17,-51,-13,-32,2,-51,-79,19,-2,-18,21,-34,-89,-40,18,-12,-16,66,1
24,52,27,13,-10,-172,21,-71,-8,-42,-105,-38,-27,-59,-52,-95,-59,-77,-121,-79,12,-72,1,-31,-22,-79,-5,-77,-29,-5,-6,-33,15,-65,-127,-85,28,30,-115,33,1
28,49,33,-28,-20,-168,23,-49,13,-56,-75,-99,-69,-28,8,-6,-146,-25,-40,-34,-118,-43,-24,-20,-119,-42,-102,-105,-44,-90,-116,-123,-71,-45,-92,-101,-101,24,-30,-99,1
18,45,29,-13,-11,-170,32,-50,11,-45,-89,-80,-76,-65,-18,-27,-147,-28,-65,-47,-127,-38,109,-45,-117,-41,-115,-87,-48,-82,-115,-122,-80,-39,-141,-90,-106,28,-31,-69,1
16,43,28,-7,-9,-174,32,-50,11,-45,-89,-82,-75,-68,50,-51,-142,-30,-30,-51,-127,-37,130,-48,-114,-41,-115,-82,-48,-86,-115,-120,-81,-38,-102,-103,-107,30,-31,-73,1
49,61,27,-28,-18,-161,18,-69,-3,-67,-94,-56,-45,-22,-64,-76,-13,-39,-111,-43,-25,-86,-26,-20,-37,-43,11,-159,-26,27,-19,-26,52,-71,-121,-52,28,18,-115,31,1
72,78,112,2,99,-173,133,-71,2,-42,-105,-39,-27,-56,-52,-95,-59,-78,-121,-78,12,-72,3,35,-23,-79,-5,-66,-29,-5,-6,-33,15,102,-128,-85,27,-11,6,33,1
143,54,111,54,12,-149,61,-50,-22,-61,-72,-112,-69,200,9,-26,-138,-26,-86,-42,-120,-36,98,139,-118,-39,-104,-88,-43,-93,-117,-122,-74,-33,-118,-117,-98,27,-18,-100,1
96,46,129,44,23,-164,91,-69,-16,-68,-77,-32,-1,132,-75,-74,-59,-103,-99,-69,-53,-34,-22,153,-38,-75,-28,-95,-26,27,-21,8,24,45,-111,-56,18,32,22,68,1
77,95,80,72,129,-171,130,-51,7,-43,-95,-74,-78,-65,-6,-27,-147,-24,-77,-38,-125,-38,114,-61,-117,-39,-115,-94,-49,-83,-115,-122,-81,46,-146,-87,-106,-30,-23,-67,1
75,83,0,-34,10,-171,33,25,6,38,9,7,-23,-59,-24,-38,-66,-39,-71,-39,18,-7,-17,-50,-12,-31,1,-50,-84,17,-4,-21,20,-34,-87,-43,18,-13,-16,65,1
16,61,24,59,20,-164,-2,-75,-31,-99,-62,-109,-88,-54,14,9,-92,-27,9,-44,-201,-37,117,14,-192,-40,-193,-88,-16,-171,-179,-157,-195,-54,12,-104,-168,31,-32,-154,1
23,50,22,50,-7,-169,-9,24,-15,-7,48,-57,5,-47,-13,-52,-48,-24,-76,-25,-45,-42,-25,6,-26,-36,-3,-71,-89,26,-11,9,46,-43,-81,-61,23,36,-17,34,1
73,80,1,-33,10,-172,33,-44,7,-48,-67,-47,13,-61,-65,-16,-35,-36,-65,-35,-27,-22,-14,-51,-10,-45,-8,-51,-46,10,4,9,24,-32,-98,-34,22,-10,-14,45,1
93,93,7,-43,-4,-157,30,-80,-9,-46,-122,-20,-117,-32,53,-43,-199,-25,-43,-37,-111,-40,82,-58,-201,-40,-167,-98,-16,-170,-171,-189,-178,-35,-106,-45,-168,-26,-31,-153,1
19,45,29,42,-12,-170,7,82,-5,83,8,46,145,-60,-56,-26,-21,-36,-56,-37,109,-28,-19,0,50,-48,105,-48,-76,34,138,143,39,-40,-75,-40,18,39,-13,35,1
109,119,-17,-44,11,-161,24,-107,-28,-71,-118,-38,-149,70,83,-51,-136,-26,-35,-40,-155,-40,90,-58,-199,-42,-183,-96,-39,-172,-186,-197,-188,-43,-105,-58,-167,-69,-30,-154,1
24,48,21,49,-9,-168,-11,81,-13,65,27,-2,147,-42,-5,-72,45,-29,-98,-24,73,-36,-28,5,55,-45,74,-68,-86,40,125,147,44,-41,-96,-66,16,37,-13,43,1
21,85,8,70,51,-171,-7,-104,-60,-106,-81,-67,-128,2,4,1,-117,-28,52,-44,-186,-39,56,12,-198,-42,-191,-91,-26,-169,-191,-183,-185,-62,48,-55,-168,12,-30,-152,1
94,96,2,-42,0,-171,30,-109,-9,-110,-84,-73,-133,-35,3,-6,-106,-26,40,-41,-191,-39,54,-60,-198,-41,-193,-93,-43,-169,-192,-183,-188,-37,47,-72,-169,-34,-31,-152,1
93,46,135,46,31,-170,102,76,-14,69,66,22,125,118,-63,-43,-46,-91,-69,-66,119,-7,-16,152,94,-52,138,-36,-96,72,160,151,48,59,-79,-39,15,34,31,49,1
77,99,97,67,131,-153,139,-137,10,-105,-130,-52,-187,-50,17,44,-201,-23,-46,-31,-173,-41,115,-43,-205,-40,-188,-105,108,-172,-196,-210,-185,61,-120,-47,-173,-35,-20,-156,1
93,46,134,44,29,-167,100,56,-14,66,34,32,-6,120,-29,-62,-74,-73,-88,-108,12,28,-23,153,-31,1,16,-61,-98,13,23,-10,-1,57,-91,65,28,34,31,78,1
77,97,91,69,131,-161,136,-68,9,-87,-59,-134,-89,-57,16,82,-116,-24,24,-34,-202,-40,137,-50,-197,-40,-192,-100,107,-172,-180,-165,-193,56,13,-182,-172,-33,-21,-156,1
74,81,122,-6,98,-168,137,76,6,80,37,37,129,-34,-14,-79,2,-49,-122,-29,99,-53,-18,58,103,-58,123,-69,-105,64,156,158,43,107,-125,-58,17,-15,19,41,1
143,57,123,56,21,-157,79,-135,-21,-130,-110,-97,-169,191,35,54,-118,-29,-63,-52,-208,-34,145,145,-200,-39,-201,-77,109,-175,-200,-195,-200,-21,-98,-117,-172,26,-15,-158,1
72,78,120,-4,98,-171,136,56,5,33,68,-47,12,-44,-36,-48,11,-10,-89,-32,-55,-42,-13,54,-16,-8,-16,-105,-91,-3,-1,26,27,106,-102,-57,38,-11,18,36,1
144,56,119,56,18,-149,73,-70,-21,-44,-112,-30,-109,195,99,-20,-232,-28,-51,-47,-128,-35,131,143,-200,-39,-176,-82,100,-174,-175,-187,-189,-26,-130,-73,-171,27,-16,-157,1
33,55,28,-2,-13,-170,22,66,-5,57,63,-22,13,-49,-56,-41,-83,-99,-73,-90,-5,3,-16,-30,-23,-38,6,-47,-92,9,26,11,-2,-68,-85,-39,14,26,-117,63,1
36,56,28,-7,-14,-168,21,-68,-4,-41,-98,-17,-33,-40,-12,-120,-50,-81,-169,-57,15,-23,-24,-25,-31,-60,20,-57,-58,9,24,-16,13,-71,-152,36,13,25,-116,54,1
22,46,32,-15,-14,-161,29,-71,12,-92,-60,-139,-90,-56,22,-11,-111,-28,4,-43,-207,-39,130,-34,-196,-42,-194,-91,-35,-172,-182,-165,-195,-41,18,-184,-171,28,-32,-156,1
34,56,28,-4,-13,-168,21,66,-5,64,55,-16,18,-44,-16,-75,-67,-39,-112,-33,-47,-66,-23,-26,-18,-49,-9,-96,-102,4,14,28,25,-70,-114,-60,20,26,-117,35,1
32,55,28,-1,-12,-171,22,-65,-5,-68,-65,-35,-11,-50,-118,-23,-31,-68,-84,-51,-42,-39,-16,-30,-17,-62,-29,-58,-44,0,-4,27,9,-68,-121,-52,15,27,-117,42,1
25,48,33,-20,-15,-155,28,-75,12,-45,-121,-26,-116,-49,48,-30,-235,-27,-59,-40,-126,-40,132,-31,-201,-42,-174,-95,-47,-172,-176,-191,-185,-42,-140,-63,-171,26,-32,-156,1
167,121,41,58,60,-175,29,-144,-102,-126,-122,-79,-191,226,-55,-41,-175,53,-168,107,-199,77,-93,69,-203,37,-197,86,-10,-173,-201,-207,-189,83,-250,-85,-159,-31,115,-124,0
127,102,96,66,57,62,48,-120,-81,-105,-100,-56,-160,194,-63,-61,-140,-193,-207,-197,-180,-187,158,135,-194,-191,-185,-204,-24,-163,-191,-192,-182,-96,-276,-55,-158,-5,-91,-143,0
160,150,15,28,69,-175,48,-44,-141,-36,-64,-51,-74,196,-20,-47,-194,75,-86,63,-143,52,-93,62,-158,69,-161,93,-89,-144,-148,-146,-189,-2,-98,-141,-56,-19,61,-47,0
127,102,96,66,56,63,48,-30,-80,-24,-53,-39,-49,194,-45,-64,-164,-193,-106,-197,-111,-186,159,136,-184,-191,-157,-204,-106,-161,-143,-128,-180,-96,-114,-126,-157,-5,-91,-142,0
19,46,32,-24,-13,-175,33,-300,24,-291,-327,-280,-264,-24,57,-38,-286,62,13,87,-241,77,-36,24,-200,80,-203,65,-120,-155,-205,-222,-196,7,-51,-278,-26,27,28,8,0
40,51,22,53,1,-158,2,-300,-13,-294,-325,-286,-263,21,-25,-24,-279,64,-92,114,-246,69,121,28,-202,36,-206,79,-5,-174,-206,-221,-199,87,-295,-282,-158,33,107,-108,0
26,59,23,-32,1,-160,38,-301,26,-291,-329,-278,-265,-21,-9,-34,-289,67,-115,73,-240,67,129,28,-201,78,-202,77,-5,-158,-205,-223,-195,-2,-311,-276,-28,13,33,-2,0
26,59,23,-32,2,-160,38,-301,26,-291,-329,-278,-265,-21,-9,-34,-289,67,-115,73,-240,67,129,28,-201,78,-202,77,-5,-159,-205,-223,-195,-2,-311,-276,-28,13,33,-3,0
63,65,133,-13,91,-175,139,-34,13,-28,-76,-33,2,-43,-171,-271,-73,-89,-289,-70,-16,-45,131,90,-29,-77,-11,-67,-259,5,0,-1,14,110,-323,-91,11,5,38,45,0
126,44,136,45,26,-175,99,-254,-8,-223,-300,-177,-199,161,57,-34,-203,-22,14,-16,-113,6,-41,153,-120,12,-93,-34,-110,-89,-111,-144,-90,19,-43,-164,-54,32,-10,-18,0
101,55,127,56,30,-173,88,-34,-26,-30,-76,-38,3,140,-84,-249,-68,-83,-244,-55,-17,-46,95,152,-27,-74,-10,-72,-247,6,2,2,16,37,-317,-98,13,29,13,46,0
85,108,74,84,133,-175,129,-179,3,-160,-248,-146,-137,-52,57,-30,-228,-10,10,-2,-119,115,-34,-74,-118,79,-94,62,-107,4,-109,-131,-50,29,-52,-178,-15,-35,-13,77,0
151,66,104,61,19,-175,53,-175,-32,-182,-210,-211,-126,209,57,-37,-162,98,14,63,-156,-22,-37,131,-86,54,-122,-29,-112,-77,-117,-113,-84,-36,-44,-244,20,21,-11,-31,0
89,98,104,16,106,-174,132,-34,-4,-29,-77,-36,2,-35,-201,-259,-70,-86,-296,-67,-16,-43,164,4,-28,-74,-10,-62,-187,6,2,1,15,93,-324,-95,13,-43,-30,47,0
150,96,94,68,47,78,41,-116,-69,-142,-134,-136,-43,214,-219,-241,-13,-18,-270,-16,-57,15,188,125,-10,25,-22,-44,-246,-7,-22,-3,29,-71,-321,-57,-19,-2,-48,13,0
174,161,15,16,65,-173,50,-243,-154,-254,-262,-245,-164,217,-14,-31,-144,22,-6,68,-168,43,76,49,-113,22,-119,103,-93,-87,-123,-114,-74,-12,-99,-218,-51,-39,50,-21,0
90,46,132,45,29,-168,98,84,-16,82,50,43,82,117,-57,-222,-31,-134,-279,-127,-4,-55,-30,152,-34,-90,-3,-117,-106,34,-4,2,29,58,-300,-62,16,33,34,65,0
73,79,118,-7,96,-171,134,-53,3,-39,-50,-49,-55,-43,-109,-204,15,-93,-262,-95,-54,-111,-19,54,-20,-99,-26,-123,-202,3,-59,-69,31,106,-299,-66,24,-12,21,18,0
75,99,92,71,132,-167,136,-239,11,-247,-193,-236,-228,-54,99,-51,-231,-24,-52,-33,-236,-42,84,-47,-198,-41,-198,-104,-28,-166,-201,-216,-190,54,-112,-246,-165,-33,-20,-150,0
73,78,118,-8,95,-171,134,83,3,89,41,62,79,-42,-111,-201,-69,-98,-262,-96,12,-112,-19,55,-18,-105,-5,-122,-203,4,-11,2,32,107,-301,-42,18,-12,22,17,0
145,56,119,55,17,-174,74,-112,-20,-142,-85,-221,-162,195,7,-1,-182,-29,40,-50,-227,-36,-7,142,-196,-41,-199,-81,-20,-168,-195,-195,-194,-25,38,-267,-164,26,-15,-150,0
72,78,118,-7,95,-171,134,84,3,85,47,50,81,-45,-217,-60,-63,-92,-126,-97,4,-113,-18,53,-13,-95,-11,-130,-89,0,-13,4,28,106,-144,-41,29,-12,21,17,0
145,56,118,55,17,-171,73,-248,-20,-214,-270,-170,-242,196,-13,44,-266,-29,51,-50,-222,-36,18,142,-196,-41,-200,-82,-29,-168,-201,-220,-194,-25,34,-179,-164,26,-15,-151,0
72,78,118,-8,95,-171,134,83,3,89,42,62,80,-42,-111,-201,-69,-98,-262,-96,12,-112,-19,55,-18,-106,-5,-122,-203,4,-11,2,32,107,-301,-43,18,-12,22,17,0
145,56,119,55,18,-173,74,-112,-20,-142,-85,-222,-163,195,7,-1,-182,-29,40,-51,-227,-36,-7,142,-196,-41,-199,-81,-20,-168,-195,-195,-194,-25,38,-268,-164,26,-15,-151,0
64,43,142,-10,71,-175,133,-56,14,-73,-72,-64,-58,-40,-56,-125,-66,-134,-161,-122,-81,-71,-95,125,-33,-105,-28,-116,-126,27,-59,-71,31,103,-147,-57,6,23,52,53,0
66,43,143,-11,71,-167,134,-166,15,-117,-178,-81,-213,-36,-9,-49,-229,-195,-56,-198,-198,-189,72,126,-196,-194,-192,-206,-28,-165,-196,-214,-190,102,-110,-108,-162,23,50,-148,0
156,69,100,62,19,-170,48,-172,-34,-191,-123,-182,-201,214,-17,-57,-195,71,-59,120,-225,69,23,124,-197,35,-201,99,-33,-169,-200,-205,-195,-26,-109,-187,-160,18,-14,-133,0
104,119,77,46,109,137,120,-53,-25,-38,-107,-54,-64,78,-120,-74,-81,-97,-124,-94,-52,-110,-46,-104,-22,-105,-21,-119,-120,7,-57,-71,35,67,-129,-69,18,-16,-92,20,0
65,43,144,-9,74,-175,135,-48,16,-53,-78,-59,-2,-41,-66,-33,-93,-101,-72,-88,-17,-4,-98,125,-24,-47,-2,-51,-78,8,23,16,-1,103,-89,-36,13,24,49,61,0
65,43,143,-8,69,-159,133,-113,13,-126,-85,-108,-137,-38,11,-61,-115,-197,-68,-200,-210,-192,138,127,-197,-196,-199,-208,-23,-171,-193,-185,-195,103,-110,-112,-168,25,52,-154,0
155,69,103,62,20,-157,52,-126,-34,-135,-94,-112,-155,213,11,-57,-120,70,-64,118,-213,67,138,128,-200,34,-202,97,-21,-175,-198,-192,-198,-26,-101,-124,-165,19,-15,-136,0
103,118,79,46,111,135,122,-46,-22,-57,-69,-60,-4,74,-76,-39,-92,-95,-76,-82,-20,1,-42,-103,-19,-41,1,-44,-89,10,29,23,-2,69,-89,-37,15,-17,-91,63,0
103,62,119,60,31,141,75,-46,-34,-57,-69,-60,-3,153,-74,-40,-92,-96,-75,-71,-19,0,163,151,-20,-43,1,-48,-91,10,28,22,-1,17,-87,-37,15,27,-3,63,0
93,97,99,17,103,-172,128,-47,-9,-44,-93,-62,0,-44,-17,-90,-63,-43,-130,-35,-34,-60,145,-7,-17,-53,-1,-70,-105,5,25,27,22,92,-129,-58,20,-28,-29,38,0
26,49,31,-15,-15,-175,26,-48,6,-50,-93,-66,3,-49,-11,-86,-65,-47,-120,-39,-38,-67,-96,-38,-21,-57,-6,-93,-96,2,17,24,22,-87,-117,-63,18,26,-121,34,0
27,49,31,-12,-14,-162,26,-120,4,-77,-136,-38,-175,-50,-24,-57,-202,-196,-40,-200,-159,-191,96,-37,-201,-196,-183,-207,-24,-170,-188,-206,-185,-84,-104,-52,-168,26,-121,-153,0
155,69,101,63,21,-162,49,-128,-35,-89,-135,-49,-181,214,-18,-7,-190,68,-39,117,-172,69,88,127,-202,34,-189,97,58,-174,-193,-208,-183,-28,-88,-61,-165,18,-15,-136,0
103,120,82,46,112,138,123,-66,-22,-40,-96,-16,-32,81,-18,-121,-46,-77,-173,-52,14,-20,-47,-100,-30,-56,23,-51,-57,10,27,-12,13,70,-153,37,14,-16,-90,56,0
103,118,80,46,111,135,122,70,-22,58,69,-23,16,74,-61,-45,-82,-96,-74,-86,-7,5,-42,-103,-21,-36,7,-43,-98,10,29,15,-2,69,-83,-40,15,-17,-90,64,0
104,61,117,59,29,144,70,-65,-35,-40,-96,-15,-32,157,-18,-120,-47,-77,-172,-45,14,-22,160,150,-30,-58,22,-57,-56,10,26,-12,14,10,-152,36,14,27,-10,55,0
155,69,104,63,21,-157,53,-132,-34,-128,-105,-93,-168,212,5,-2,-123,70,-62,117,-206,66,139,128,-200,34,-200,97,59,-175,-200,-196,-197,-26,-103,-108,-165,18,-15,-136,0
103,118,78,46,111,135,121,-66,-23,-68,-62,-36,-14,74,-122,-24,-27,-63,-82,-46,-41,-37,-41,-106,-15,-58,-30,-51,-49,1,-3,28,8,67,-115,-56,16,-16,-93,43,0
103,62,119,60,31,141,75,-66,-35,-68,-62,-36,-14,153,-122,-24,-27,-62,-80,-40,-41,-39,163,151,-15,-59,-30,-58,-50,1,-3,28,9,17,-113,-57,16,27,-3,43,0
93,97,99,17,103,-172,128,69,-9,72,53,0,19,-44,-19,-76,-68,-39,-118,-32,-45,-62,147,-6,-17,-49,-6,-74,-106,5,19,29,24,93,-122,-56,20,-28,-28,37,0
86,112,68,91,136,-162,126,-122,2,-127,-94,-96,-151,22,7,-27,-126,56,-68,112,-206,78,146,-57,-202,36,-199,95,56,-173,-197,-192,-194,18,-124,-96,-163,-31,-13,-141,0
91,46,135,45,32,-170,103,-47,-14,-58,-70,-59,-3,114,-75,-5,-92,-82,-110,-74,-22,21,-16,152,-21,-14,5,6,-81,31,27,22,9,62,-131,-36,19,34,35,73,0
76,98,93,69,131,72,137,-98,10,-117,-77,-125,-124,-55,9,-63,-127,-24,-76,-34,-204,-40,142,-48,-201,-40,-197,-101,-26,-172,-191,-184,-189,57,-109,-85,-172,-33,-21,-156,0
143,57,121,56,20,-101,76,-85,-21,-94,-67,-54,-107,193,15,-33,-111,-29,-64,-50,-171,-34,123,144,-197,-39,-188,-79,-44,-174,-187,-175,-178,-23,-81,21,-171,27,-15,-157,0
143,56,120,55,18,-161,75,-138,-20,-117,-135,-76,-159,194,-2,-35,-161,-29,12,-49,-135,-35,133,144,-200,-39,-178,-80,-44,-174,-185,-201,-188,-24,-112,-84,-171,27,-16,-157,0
73,80,121,-6,98,-169,136,-49,5,-48,-87,-55,-7,-37,-19,-78,-50,-57,-94,-38,-14,-29,-17,57,-23,-51,12,-50,-109,35,29,19,31,107,-111,-41,22,-13,19,59,0
69,75,120,-5,97,-172,136,-65,5,-39,-91,-50,-40,-50,-43,45,-72,98,58,-103,19,164,-7,56,-26,154,17,-32,-49,-2,17,-21,25,107,28,-48,34,-7,21,91,0
90,44,136,42,32,-169,104,-69,-12,-72,-62,-36,-9,111,-73,78,-80,-40,-28,-48,-44,107,-17,152,-16,36,-11,113,80,36,7,30,45,65,-105,-53,20,34,37,52,0
90,45,135,43,31,-167,103,-49,-13,-43,-88,-59,-12,113,-62,-60,-84,90,-72,-82,1,164,-18,152,-26,151,12,-37,-96,6,26,7,29,63,-35,-39,33,34,36,97,0
71,77,121,-6,97,-171,136,-58,5,-38,-92,-55,-26,-44,-52,-12,-88,-33,-101,65,12,14,-11,58,-5,-18,14,-49,-78,11,23,-5,-1,107,-147,-42,24,-9,21,69,0
143,56,121,55,19,-149,76,-97,-20,-91,-77,-25,-121,193,19,-48,-114,-29,-77,-50,-136,-34,147,144,-198,-39,-178,-79,-30,-173,-186,-182,-166,-23,-97,36,-171,27,-15,-157,0
71,77,122,-7,97,-171,136,-64,5,-68,-65,-49,-7,-42,-37,-73,-61,130,-92,-7,-55,135,-13,60,-16,154,-15,-105,-112,-4,-2,27,29,108,-79,-55,43,-9,23,72,0
76,100,99,66,131,-157,140,-83,11,-31,-108,44,-98,-45,-6,-60,-187,-23,-47,-30,8,-42,111,-40,-200,-40,-51,-108,-23,-149,-103,-176,-50,62,-96,73,-172,-36,-19,-153,0
144,56,120,56,19,-165,75,-127,-21,-96,-139,-65,-147,194,32,-52,-189,-28,-43,-49,-120,-35,114,144,-201,-39,-172,-81,-25,-173,-177,-199,-187,-24,-83,-63,-171,27,-16,-156,0
93,46,134,46,30,-169,100,-67,-15,-68,-63,-36,-13,120,-32,58,-65,-35,-78,-19,-39,-37,-19,152,-6,-50,-31,-57,86,0,-5,27,7,57,-113,-53,30,34,31,44,0
72,79,120,-4,98,-170,136,-62,5,-38,-104,-55,-17,-43,-12,-18,-49,-27,16,-23,4,-48,-14,55,92,-50,14,-58,-74,36,33,16,12,106,21,-73,152,-12,18,88,0
77,98,93,69,131,-160,137,-135,10,-127,-111,-82,-162,-55,10,-51,-142,-24,-64,-34,-166,-40,197,-49,-202,-40,-186,-101,-33,-172,-194,-199,-186,57,-130,-78,-171,-34,-21,-156,0
73,79,122,-9,96,-169,136,-48,5,-45,-93,-63,-1,-35,-25,-91,-62,-7,-129,-23,-33,-48,-19,62,-5,-27,-2,-76,-101,4,24,26,21,108,-126,-60,26,-12,24,36,0
144,57,122,56,21,-165,78,-98,-21,-68,-109,-41,-121,192,3,-59,-26,-29,-34,-50,-161,-34,123,144,-192,-39,-185,-79,-22,-174,-186,-177,-191,-22,-97,-70,-171,26,-15,-157,0
76,97,92,69,131,-172,136,-138,10,-126,-137,-80,-142,-56,-15,-47,-117,-24,-49,-33,-197,-40,227,-49,-197,-40,-196,-102,-38,-172,-192,-178,-191,57,-86,-76,-172,-33,-21,-155,0
72,79,120,-4,98,-171,136,-68,5,-67,-64,-33,-16,-43,21,-26,-60,-34,-86,-20,-35,-39,-8,54,-8,-51,-33,-55,-49,0,-11,25,9,106,-120,-56,29,-12,18,44,0
94,45,134,44,30,-167,100,-71,-13,-40,-105,-44,-29,120,73,-23,-54,74,-162,126,13,-11,-23,153,-5,15,20,-60,72,8,28,-6,14,58,-157,-72,23,34,31,48,0
95,46,133,45,28,-167,98,-69,-14,-42,-89,-46,-36,124,-29,-64,-81,-48,-95,35,17,22,-22,153,-11,-8,19,-60,-109,14,20,-12,-2,54,-98,-47,28,33,28,77,0
92,45,133,41,27,-164,99,-61,-12,-68,-66,-46,-11,119,107,-61,-57,136,-103,41,-61,115,-16,153,-27,146,-16,-118,-66,7,-8,23,34,58,-112,-55,35,34,32,65,0
143,57,123,56,21,-156,80,-129,-20,-135,-12,-115,-127,191,12,-55,-109,-29,-64,-52,-213,-34,162,145,-193,-39,-202,-77,-22,-175,-190,-166,-200,-21,-96,-129,-171,26,-15,-157,0
92,46,135,45,31,-169,102,-54,-14,-67,-62,-49,0,116,-64,-30,-94,-82,-74,-64,-39,16,-18,152,-20,-28,-6,-19,-69,32,19,29,16,61,-97,-39,18,34,34,67,0
76,98,94,69,131,-166,137,-124,10,-125,-122,-99,-114,-54,3,-48,-120,-24,-15,-34,-204,-40,143,-48,-195,-40,-197,-101,-38,-172,-186,-166,-193,57,-111,-96,-171,-34,-21,-155,0
91,45,135,43,30,-168,102,-67,-13,-40,-91,-51,-31,115,-30,-62,-71,115,-91,-79,14,154,-21,152,-31,157,18,-42,-109,15,22,-12,23,61,-94,-44,38,34,34,93,0
143,57,122,56,20,75,77,25,-20,-10,26,-67,46,192,1,-54,32,-29,-70,-51,-136,-34,137,144,-143,-39,-159,-78,-28,-169,-71,3,-197,-22,-101,-108,-172,27,-15,-157,0
73,80,120,-5,98,-170,136,-69,5,-41,-100,-47,-34,-38,39,19,-48,-77,-146,-56,16,-4,-15,55,-32,-47,23,-42,82,31,24,-17,18,106,-153,-64,23,-14,18,77,0
76,99,96,67,131,-164,138,-118,10,-75,-138,-36,-171,-51,-23,-44,-188,-23,-50,-31,-154,-41,121,-44,-204,-40,-183,-105,-43,-171,-189,-207,-184,60,-135,-48,-172,-35,-20,-155,0
94,45,133,43,27,-164,98,-63,-13,-69,-65,-39,-15,122,105,-58,-52,-25,-102,-23,38,-58,-15,153,1,-34,123,-76,-68,160,56,23,189,56,-113,-37,67,34,30,131,0
144,56,120,56,19,16,75,-137,-21,-107,-148,-62,-159,194,-14,-53,-120,-28,-33,-48,-185,-35,78,143,-200,-39,-192,-81,-24,-173,-196,-194,-192,-25,-75,-67,-171,27,-16,-156,0
81,86,111,9,100,-175,132,-48,-1,-61,-72,-56,4,-44,-193,-157,-95,-101,-242,-85,-30,-9,146,31,-24,-53,-7,-53,-177,11,19,21,4,102,-301,-37,15,-17,3,63,0
160,84,91,66,30,-157,37,-239,-51,-252,-212,-250,-231,220,12,-56,-251,-27,-73,-72,-242,-14,129,115,-201,-37,-202,102,-23,-172,-204,-219,-196,-21,-100,-255,-169,6,-25,-155,0
84,111,76,87,135,-165,130,-253,4,-221,-283,-195,-246,-45,-26,-51,-275,-25,-49,-14,-228,72,106,-46,-202,16,-201,100,-32,-171,-204,-223,-193,26,-142,-223,-170,-34,-15,-145,0
99,53,128,54,29,-175,90,-51,-23,-42,-101,-64,3,137,-153,-220,-64,-56,-264,-42,-22,-67,193,153,-21,-63,-1,-88,-203,2,20,18,22,41,-288,-67,20,31,17,36,0
157,294,162,134,113,-175,171,-300,-256,-290,-329,-276,-267,200,-246,-290,-294,82,-304,83,-239,41,-94,72,-202,59,-199,102,-273,-169,-202,-223,-190,138,-325,-274,-126,71,97,-119,0
153,302,179,137,97,-175,123,-299,-234,-291,-324,-283,-265,200,-251,-283,-284,42,-299,113,-244,98,-95,183,-198,70,-202,45,-271,-167,-203,-220,-196,91,-318,-279,-138,76,90,-62,0
42,174,69,-3,28,127,71,-58,-156,-76,-73,-68,-63,-63,-51,-120,-66,-134,-155,-122,-82,-72,194,-66,-34,-106,-28,-117,-122,26,-60,-72,30,-100,-142,-60,3,40,-123,51,0
41,173,69,-5,31,121,72,-60,-156,-42,-111,-55,-76,-65,-104,-62,-86,-103,-113,-100,-56,-115,193,-81,-21,-111,-25,-134,-104,1,-60,-74,30,-99,-123,-67,13,46,-123,12,0
42,173,69,-4,28,126,72,79,-156,70,54,18,77,-63,-48,-119,-26,-133,-151,-121,-18,-69,194,-68,-36,-103,-10,-115,-119,25,-13,-1,29,-100,-139,-67,4,41,-123,52,0
40,173,69,-2,31,122,73,-48,-156,-49,-21,-46,-40,-66,-99,-57,30,-96,-107,-94,-60,-110,194,-82,-25,-103,-30,-130,-97,-1,-56,-58,27,-99,-120,-69,16,43,-124,14,0
41,173,69,-5,31,120,72,79,-156,87,36,64,71,-65,-101,-60,-75,-100,-110,-98,8,-113,193,-81,-21,-108,-11,-132,-101,0,-18,-6,28,-99,-122,-39,14,46,-123,13,0
43,173,69,-5,28,126,71,-49,-155,5,-79,69,-62,-63,-45,-117,-69,-131,-149,-119,-6,-63,194,-67,-38,-98,-24,-111,-115,24,-54,-65,25,-100,-137,74,5,41,-123,54,0
40,171,71,4,28,147,72,-47,-151,-42,-90,-70,-58,-70,-50,-138,-153,-30,-156,-42,-117,-46,-27,-13,-121,-47,-114,-102,-114,-80,-114,-119,-88,-34,-174,-61,-98,24,-25,-55,0
42,172,71,5,27,141,71,-46,-152,-51,-78,-101,-54,-69,-96,-59,-124,-32,-119,-49,-117,-44,-14,-13,-118,-47,-111,-93,-93,-96,-115,-118,-77,-34,-140,-126,-87,24,-25,-92,0
42,170,69,-34,37,-174,75,-47,-153,-52,-77,-105,-53,-55,-100,-59,-122,-32,-115,-48,-118,-44,166,-24,-118,-47,-111,-94,-96,-96,-115,-118,-78,-32,-137,-127,-86,66,-25,-92,0
42,171,69,-28,37,-174,76,-47,-154,-43,-88,-71,-57,-58,-53,-138,-152,-30,-151,-42,-118,-46,177,-23,-121,-47,-114,-103,-110,-80,-114,-119,-88,-32,-170,-64,-98,65,-25,-56,0
61,68,69,-11,8,-172,36,-54,-22,-41,-102,-56,-70,-30,-96,-58,-75,22,-102,99,-37,92,-34,88,8,51,-10,81,-103,9,-36,-50,37,64,-113,-38,27,12,50,12,0
42,62,57,18,10,-170,53,-54,-26,-70,-70,-72,-66,-5,-43,-112,-40,95,-148,125,-55,6,-42,74,-20,35,6,90,-119,50,-30,-55,53,96,-138,-57,15,20,48,62,0
43,172,69,-5,30,127,72,-50,-154,-53,-95,-69,3,-64,-7,-82,-68,-49,-113,-41,-39,-71,195,-77,-24,-59,-9,-95,-92,0,12,20,22,-102,-111,-66,17,38,-124,31,0
41,172,69,-6,32,118,73,-50,-155,-55,-83,-60,-1,-65,-60,-30,-94,-103,-66,-89,-20,-7,194,-87,-28,-49,-6,-54,-77,7,17,12,-1,-101,-84,-39,11,44,-124,59,0
42,173,69,-4,30,124,72,-51,-155,-56,-95,-74,4,-65,-150,-208,-70,-138,-250,-158,-61,-152,194,-79,-66,-145,-45,-183,-197,-77,7,20,-76,-100,-272,-91,-79,41,-124,-71,0
42,173,69,-3,30,124,72,-135,-155,-57,-207,-23,-95,-64,-191,-225,-141,-148,-289,-191,13,-117,194,-75,-115,-123,-11,-194,-153,-68,-31,-86,-64,-100,-314,-44,-65,41,-123,-37,0
36,152,57,-10,60,-174,79,-106,-136,-72,-142,-15,-63,15,-178,-254,-19,91,-278,57,-18,76,-4,50,-23,109,-25,60,-236,45,-43,-38,-7,14,-326,13,69,47,40,92,0
72,158,65,-4,22,-174,63,-104,-127,-96,-108,-42,-59,-27,-191,-242,-10,74,-263,87,-15,100,-6,41,-21,112,-11,36,-234,13,-36,-47,5,31,-312,-8,75,18,37,54,0
56,207,67,130,38,140,56,-47,-190,-54,-76,-59,-3,-47,-68,-35,-93,-99,-73,-87,-16,-2,-64,33,-23,-45,0,-50,-82,9,25,18,-1,-27,-89,-36,14,108,-105,62,0
140,207,64,50,14,-1,62,-47,-196,-47,-92,-64,1,-51,-16,-89,-64,-44,-126,-35,-37,-63,-71,9,-18,-54,-3,-89,-103,5,22,27,23,-10,-124,-60,19,76,-104,37,0
142,205,64,49,17,-172,63,-48,-194,-49,-92,-65,2,-51,-13,-87,-64,-45,-123,-37,-37,-65,186,4,-20,-56,-5,-91,-99,3,20,25,23,-12,-120,-62,18,82,-107,35,0
54,209,66,123,36,-175,55,-47,-192,-55,-73,-60,-3,-43,-71,-38,-92,-97,-75,-84,-17,-1,178,32,-21,-44,1,-48,-86,9,27,20,-1,-22,-89,-37,14,110,-103,62,0
71,302,169,25,18,-158,90,-120,-228,-132,-89,-112,-147,-55,12,-59,-119,-74,-66,-17,-212,-24,139,189,-199,-55,-201,-100,-22,-173,-196,-189,-197,73,-105,-120,-170,-45,95,-154,0
53,291,142,23,76,-163,166,-125,-258,-82,-139,-41,-182,61,-22,-58,-206,-30,-41,-37,-165,-95,100,63,-202,-63,-185,-57,-24,-171,-191,-209,-186,133,-108,-53,-170,-28,99,-155,0
42,67,1,0,17,-174,-6,-48,39,-56,-75,-60,-2,18,-68,-34,-93,-100,-70,-86,-20,-4,-38,2,-24,-46,-2,-51,-82,8,23,18,-2,-137,-86,-38,13,33,-130,61,0
54,130,25,25,-7,224,10,-49,32,-50,-94,-67,2,21,-10,-84,-66,-48,-119,-39,-38,-68,-83,-15,-22,-58,-7,-92,-96,2,16,23,22,-112,-117,-63,17,-22,-124,33,0
48,42,-18,7,10,-175,18,-48,26,-47,-94,-65,2,92,-11,-86,-66,-47,-123,-39,-36,-66,-51,-82,-21,-56,-5,-90,-99,2,19,24,22,-107,-121,-61,18,45,-133,34,0
42,61,-4,32,16,-174,-5,-48,37,-56,-75,-60,-2,35,-68,-34,-93,-100,-71,-86,-20,-4,-47,-3,-24,-46,-2,-51,-82,8,23,18,-2,-135,-87,-37,13,33,-131,61,0
46,40,-18,15,7,42,15,-44,20,-40,-88,-67,-55,90,-210,-200,-96,-94,-272,-100,-49,-116,193,-77,-12,-98,-24,-143,-212,1,-55,-66,30,-101,-317,-50,30,38,-131,16,0
44,69,-1,-4,17,138,-6,-44,34,-49,-77,-74,-51,16,-196,-245,-53,-136,-274,-131,-75,-59,205,6,-32,-93,-26,-121,-232,36,-54,-66,31,-135,-295,-61,17,11,-128,65,0
54,67,37,4,12,-175,35,-128,-28,-109,-110,-63,-171,-35,-67,-51,-146,57,-177,121,-185,52,-96,100,-196,12,-188,100,-20,-165,-194,-197,-186,75,-260,-67,-161,13,22,-144,0
55,67,37,2,12,-175,32,-34,-27,-30,-54,-48,-55,-36,-39,-61,-161,52,-96,121,-123,57,-96,102,-187,13,-164,99,-104,-164,-150,-135,-185,70,-101,-141,-160,13,22,-143,0
46,49,111,-27,87,-175,149,-134,13,-115,-115,-68,-181,-47,-62,-46,-160,-73,-174,-28,-191,-21,-96,124,-199,-45,-192,-143,-15,-169,-197,-201,-190,83,-256,-75,-166,19,72,-150,0
66,40,139,-5,24,-175,86,-37,10,-33,-56,-52,-61,-18,-32,-54,-173,-26,-90,-47,-134,-89,-96,138,-192,-52,-170,-81,-97,-168,-159,-148,-188,70,-97,-148,-166,28,82,-151,0
65,85,35,13,25,119,43,-117,-49,-99,-100,-52,-155,-33,-76,-58,-130,-61,-190,-14,-175,-134,108,88,-192,-149,-183,-72,-26,-161,-189,-190,-180,86,-269,-56,-155,10,32,-140,0
61,90,36,21,35,80,48,-27,-57,-22,-49,-39,-43,-32,-50,-70,-151,-49,-109,-15,-107,-139,216,75,-180,-142,-153,-73,-113,-158,-137,-118,-178,93,-113,-129,-153,21,47,-139,0
92,46,135,46,32,-169,102,-72,-15,-43,-101,-44,-29,116,-167,-46,-53,-69,4,-52,16,-53,-18,152,-26,-67,14,-61,-150,-4,18,-21,12,60,16,-83,19,33,32,35,0
76,99,97,67,131,-165,139,-166,11,-40,-229,5,-205,-48,-7,-57,-273,-23,-50,-31,-120,-42,78,-42,-204,-40,-171,-106,-24,-171,-182,-212,-178,61,-92,-60,-172,-35,-20,-155,0
72,78,119,-4,98,-168,136,-59,5,-39,-106,-57,-8,-44,-154,70,-56,-58,23,-51,-1,-61,-14,53,-22,-63,7,-66,-1,-1,25,7,16,106,-9,-75,21,-12,17,35,0
143,55,120,55,18,-152,74,-29,-20,29,-137,75,-102,194,16,-51,-250,-28,-79,-49,-41,-34,126,143,-200,-39,-159,-80,-28,-171,-167,-194,-176,-24,-100,48,-170,27,-16,-156,0
74,81,122,-8,97,-169,136,-70,5,-70,-69,-35,-5,-32,32,-161,-76,-91,-261,-64,-45,-23,-8,59,-28,-63,-29,-64,-158,13,-8,24,12,107,-319,-53,13,-15,21,61,0
144,57,121,56,20,-163,77,-52,-21,-138,-3,-199,-61,192,-34,-46,8,-29,-38,-50,-228,-34,107,144,-190,-39,-200,-79,-33,-173,-186,-158,-197,-23,-94,-238,-170,26,-15,-156,0
76,97,92,68,131,-166,136,-26,10,-96,11,-186,-36,-56,-26,-42,1,-23,-51,-33,-220,-40,117,-49,-190,-40,-194,-102,-43,-171,-179,-147,-192,57,-104,-224,-171,-33,-21,-155,0
94,45,133,44,28,-167,99,-54,-14,-66,-68,-46,3,122,-35,-160,-91,-96,-234,-66,-41,-13,-23,153,-23,-57,-17,-60,-169,11,12,28,6,56,-284,-39,14,33,30,62,0
70,300,177,24,20,-158,112,-121,-230,-132,-90,-111,-147,22,11,-59,-119,28,-66,116,-212,-25,139,184,-199,-39,-200,-99,-22,-173,-196,-189,-197,84,-105,-119,-170,-41,92,-154,0
114,293,71,-7,18,-162,21,-122,-154,-79,-139,-41,-179,199,-22,-58,-205,90,-39,41,-164,79,98,157,-202,92,-185,-148,-23,-168,-190,-208,-175,-39,-102,-56,-117,-44,49,-85,0
52,291,156,24,73,-163,171,-125,-255,-82,-139,-42,-182,56,-22,-58,-205,-30,-40,-37,-165,26,100,68,-202,-34,-185,104,-24,-171,-191,-209,-186,134,-107,-53,-170,-32,98,-153,0
75,301,151,25,15,-158,72,-129,-216,-136,-96,-112,-160,-55,11,-57,-123,16,-64,-15,-214,98,140,191,-200,67,-203,54,-21,-172,-200,-193,-194,61,-100,-125,-146,-48,100,-85,0
40,173,68,-7,32,109,73,79,-156,79,44,43,77,-65,-131,-46,-22,-83,-110,-101,-8,-103,-64,-89,-9,-78,-46,-198,-72,-18,-13,4,-80,-99,-135,-105,42,50,-124,26,0
41,173,69,-9,31,111,73,77,-156,70,51,32,77,-64,-41,-128,-27,-134,-161,-121,-21,-147,-65,-85,-35,-149,-71,-186,-104,-69,-37,1,-73,-99,-146,55,-36,50,-124,-50,0
41,173,69,0,28,-175,71,79,-155,79,44,43,77,-65,-131,-46,-21,-83,-109,-101,-9,-103,196,-69,-9,-77,-46,-198,-73,-17,-13,4,-80,-101,-133,-106,43,33,-124,27,0
43,173,69,-1,27,-175,71,77,-155,69,52,31,77,-64,-42,-129,-26,-133,-161,-120,-22,-148,195,-61,-35,-149,-71,-186,-102,-69,-38,2,-73,-101,-145,55,-35,33,-124,-50,0
43,174,70,-1,26,-174,71,79,-155,78,45,42,77,-63,-41,-141,-81,-125,-179,-186,-5,-42,195,-56,-48,-72,-4,-127,-87,39,-3,-1,21,-102,-160,43,33,32,-123,74,0
42,173,69,0,28,-174,71,77,-155,85,35,61,72,-65,-112,-51,-7,-159,-105,-173,9,-117,196,-66,-93,-147,-8,-133,-86,2,-17,-13,31,-101,-123,-43,-53,34,-124,4,0
41,173,69,-9,31,112,73,79,-156,79,44,43,77,-63,-40,-141,-82,-124,-179,-186,-5,-42,-66,-82,-47,-71,-4,-127,-88,39,-3,-1,21,-99,-161,43,34,50,-124,75,0
40,173,68,-9,32,108,73,77,-156,85,34,62,71,-65,-112,-51,-7,-159,-106,-173,9,-116,-65,-89,-93,-147,-8,-132,-85,2,-17,-14,31,-99,-124,-42,-52,51,-124,4,0
50,68,39,13,13,-170,46,-43,-32,-44,-81,-71,-50,-24,-56,-155,-147,82,-190,123,-112,19,-42,81,-115,22,-108,101,-114,-70,-108,-113,-83,94,-173,-58,-88,14,37,-46,0
64,72,52,-6,11,-172,30,-43,-30,-43,-83,-87,-51,-39,-140,-62,-117,31,-123,115,-109,85,-36,98,-111,38,-106,90,-94,-90,-108,-114,-71,54,-140,-124,-75,8,45,-78,0
82,85,107,10,100,-175,131,-51,-2,-65,-64,-51,0,-52,-65,-30,-95,-82,-79,-76,-35,18,149,21,-19,-24,-3,-10,-65,31,22,29,13,100,-103,-36,18,-16,-3,69,0
154,65,113,60,20,12,66,-138,-28,-113,-147,-65,-158,207,-13,-55,-122,-36,-34,-112,-187,-27,82,135,-201,-34,-193,85,-23,-173,-196,-193,-190,11,-78,-66,-169,21,-9,-152,0
154,65,116,60,22,63,70,-126,-28,-128,2,-92,-147,205,-1,-48,-113,-36,-67,-114,-204,-26,137,136,-197,-34,-198,87,-39,-174,-194,-179,-195,11,-103,-93,-169,21,-11,-153,0
84,110,78,86,136,-156,131,-139,4,-124,-140,-75,-146,-48,-4,-53,-118,-25,-46,-14,-195,72,71,-47,-199,16,-195,100,-31,-173,-194,-182,-191,28,-85,-71,-171,-34,-15,-146,0
98,52,128,53,28,140,89,-51,-23,-44,-88,-59,-10,136,-34,-59,-83,-73,-80,-87,-1,22,-92,153,-5,-2,56,-96,-109,168,38,10,147,41,-81,-38,139,32,18,212,0
83,88,111,3,102,138,134,-51,0,-65,-71,-56,-1,-39,-26,-78,-64,-30,-111,-32,16,-57,-1,30,-7,-37,105,-53,-104,149,46,28,185,101,-110,-34,62,-27,-1,126,0
154,68,110,62,22,-118,62,-102,-32,-130,13,-134,-100,208,21,-50,-125,67,-55,121,-211,-28,134,133,-191,0,-195,-50,-28,-174,-177,-144,-198,-20,-65,-156,-168,19,-19,-156,0
84,110,77,86,135,-167,131,-99,4,-68,-107,-34,-123,-48,-21,-40,-38,-25,-51,-14,-151,72,125,-47,-196,17,-182,100,-46,-172,-186,-181,-184,28,-131,-53,-171,-34,-15,-146,0
81,106,81,85,136,-122,133,-45,7,-75,-30,-89,-7,46,14,-53,40,-15,-37,98,-176,-27,150,16,-115,-33,-176,-189,-25,-170,-105,-23,-197,34,-56,-110,-151,-32,2,-151,0
98,53,130,54,30,-175,92,-54,-23,-66,-67,-57,-2,134,-28,-78,-63,-28,-106,-31,-59,1,195,153,-17,-22,5,84,-103,29,8,28,64,44,-104,-64,30,31,19,38,0
81,85,113,7,99,-175,133,-48,-1,-44,-94,-62,-1,-42,-23,-91,-62,-8,-130,-24,-32,-47,147,37,-5,-29,-1,-73,-103,4,25,26,21,103,-129,-58,26,-17,8,37,0
85,110,75,87,135,-172,129,-139,3,-125,-139,-79,-143,-49,-15,-48,-116,-26,-49,-15,-197,71,226,-48,-197,15,-196,100,-37,-172,-193,-179,-192,25,-86,-76,-171,-34,-15,-146,0
154,65,114,60,20,-154,67,-81,-28,-51,-112,-32,-123,206,-14,-27,-84,-36,-57,-112,-139,-27,131,135,-201,-34,-180,85,-47,-174,-181,-189,-189,12,-117,-71,-169,21,-9,-153,0
100,54,129,55,30,-175,90,-67,-24,-40,-91,-49,-35,138,-30,-64,10,-87,-91,-81,17,21,194,153,95,-12,17,-55,-109,20,30,31,-2,40,-93,-46,67,31,16,74,0
84,111,79,86,136,-165,131,-123,4,-82,-121,-41,-172,-44,4,-61,-159,-25,-46,-14,-164,73,129,-46,-203,18,-185,99,-25,-172,-191,-206,-186,28,-114,-52,-171,-34,-16,-146,0
95,51,128,51,27,141,90,-49,-21,-63,-71,-61,1,131,-27,-85,-63,136,-113,49,-51,108,-85,153,-20,143,-11,-106,-102,2,9,29,28,46,-109,-59,35,32,24,62,0
84,110,76,86,135,-158,130,52,4,36,33,-21,66,-49,22,-62,-5,-26,-75,-14,-46,71,160,-49,-135,15,-98,100,-22,-132,-28,16,-162,27,-110,-127,-162,-34,-15,-123,0
153,67,105,61,20,-151,54,-86,-32,-54,-123,-31,-131,211,-18,-30,-214,63,-48,122,-137,-29,128,131,-202,-7,-179,-54,-46,-173,-181,-196,-187,-23,-125,-65,-168,20,-18,-156,0
81,110,89,84,138,-155,137,-95,8,-58,-133,-30,-143,55,-12,-29,-214,-18,-63,97,-138,-29,133,19,-203,-31,-179,-192,-50,-173,-183,-200,-186,38,-134,-55,-170,-35,-2,-151,0
97,53,128,53,29,139,90,-49,-23,-59,-78,-53,-1,135,-35,-47,-75,-63,-73,-26,-34,-15,-92,153,-2,-50,-11,-46,-102,3,22,28,-2,43,-80,-35,25,32,20,51,0
81,85,110,9,100,-175,132,-53,-1,-39,-90,-56,-21,-49,-58,-60,-16,-90,-77,-67,10,13,148,28,95,-25,13,-47,-97,21,30,29,-2,101,-41,-41,73,-16,1,72,0
154,67,108,61,21,-157,59,-138,-32,-124,-120,-79,-162,209,10,-50,-138,65,-60,122,-161,-28,189,132,-201,-3,-186,-52,-26,-174,-192,-200,-190,-21,-112,-87,-168,20,-19,-157,0
154,64,115,59,20,-162,68,-140,-27,-123,-126,-78,-163,206,-1,-42,-158,-36,-52,-114,-141,-26,127,136,-202,-34,-180,85,-44,-174,-189,-202,-186,12,-126,-81,-169,22,-9,-153,0
84,111,80,85,136,-156,132,55,4,67,6,55,61,-43,-11,-31,-132,-25,-64,-14,23,73,133,-46,-159,18,-31,99,-49,-121,-5,2,-108,30,-145,-49,-170,-35,-15,-126,0
100,53,129,54,29,-175,90,-56,-23,-38,-104,-59,-6,137,-11,-107,-52,-28,-104,-22,-9,-50,193,153,85,-52,6,-74,-89,32,30,22,16,41,-114,-70,140,31,16,80,0
95,53,129,53,30,138,92,-69,-23,-42,-88,-46,-42,130,-38,30,-78,-40,57,52,19,17,-91,153,-4,-17,16,-51,-64,9,12,-18,2,47,36,-53,24,32,24,71,0
81,109,88,84,138,-155,137,-96,8,-91,-77,-26,-120,53,21,-61,-122,-17,-75,98,-127,-28,229,19,-201,-32,-176,-183,-22,-173,-186,-184,-160,38,-109,43,-170,-34,-1,-151,0
154,64,112,60,19,-150,64,-97,-28,-14,-141,17,-119,208,-17,-43,-222,-36,-37,-109,-113,-27,124,135,-201,-34,-165,84,-34,-173,-164,-184,-186,12,-134,-114,-169,22,-7,-153,0
84,111,80,86,136,-166,132,-136,5,-91,-124,-2,-170,-43,28,-60,-191,-25,-48,-14,-130,73,123,-45,-203,18,-175,99,-22,-172,-187,-206,-174,30,-96,-72,-171,-35,-16,-146,0
81,86,110,4,102,-175,133,-53,0,-66,-63,-47,-3,-48,-92,1,-76,-46,-122,-23,-38,-27,144,26,0,-50,-16,-44,-60,0,18,31,0,100,-121,-39,31,-23,-3,45,0
97,52,129,53,29,140,90,-47,-23,-58,-70,-59,-1,134,-73,-58,-91,-85,-65,-73,-14,14,-92,153,-4,-26,58,-99,-98,166,39,21,155,44,-27,-39,125,32,21,203,0
98,54,130,55,31,-175,93,-47,-24,-47,-90,-67,0,133,-18,-9,-61,-35,29,-32,1,-52,195,153,-14,-43,74,-38,-75,138,39,26,176,45,28,-44,62,31,20,136,0
80,110,90,84,138,80,138,-93,9,-92,-74,-35,-120,54,14,-63,-131,-18,-78,97,-124,-29,140,20,-201,-32,-174,-176,-25,-171,-185,-184,-152,39,-108,44,-170,-35,-1,-151,0
154,68,109,62,22,-104,61,-90,-32,-119,-71,-142,-110,208,18,-40,-108,66,-64,121,-213,-28,126,132,-198,-1,-199,-50,-41,-173,-189,-175,-197,-20,-77,-121,-168,19,-19,-156,0
83,89,112,3,102,138,134,-49,0,-51,-85,-56,-5,-37,-19,-79,-49,-57,-91,-36,-18,-30,-36,31,-23,-52,11,-51,-107,36,28,20,32,101,-109,-40,22,-28,-1,59,0
84,110,80,85,136,-163,132,39,5,67,-30,79,39,-44,-23,-50,-205,-24,-46,-14,40,74,117,-46,-177,19,-21,99,-35,-131,-15,-30,-89,31,-141,15,-171,-35,-16,-135,0
153,67,106,62,20,43,55,-139,-32,-122,-129,-78,-161,210,-2,-41,-164,64,-69,121,-134,-29,129,131,-202,-5,-177,-53,-47,-173,-186,-202,-184,-22,-101,-79,-168,20,-18,-156,0
153,71,90,64,22,76,33,52,-39,66,-1,60,57,217,-25,-32,-154,-29,-45,-17,26,60,122,120,-161,-2,-28,103,-46,-119,-6,-3,-96,-40,-134,-36,-170,18,-12,-127,0
81,85,109,9,100,-175,132,-63,-1,-68,-66,-39,-8,-50,-39,-71,-60,-20,-94,-31,34,-54,149,28,-6,-23,112,-62,-110,144,47,26,186,101,-74,-29,59,-16,1,109,0
97,53,130,54,31,-175,93,-50,-23,-43,-88,-59,-11,131,-61,-60,-83,91,-71,-81,1,164,194,153,-26,152,12,-38,-96,7,26,7,29,47,-34,-39,34,31,22,97,0
155,69,103,62,21,-167,53,-135,-34,-129,-22,-92,-151,212,-1,-52,-109,70,-17,118,-205,67,140,128,-196,34,-200,97,-29,-175,-197,-182,-196,-26,-107,-104,-165,19,-15,-136,0
167,105,46,64,50,-137,20,-108,-80,-69,-134,-38,-162,233,-28,-47,-194,27,-40,119,-154,-26,117,58,-203,-35,-184,-75,-34,-174,-188,-205,-189,59,-120,-60,-172,-19,62,-151,0
103,118,79,45,110,136,121,-56,-23,-69,-60,-46,-4,74,47,-32,-89,-77,-80,-67,-39,20,14,-103,-17,-21,-13,-15,-69,35,17,33,11,69,-102,-42,20,-17,-90,76,0
86,111,70,90,135,-89,127,57,2,56,23,24,67,15,28,-52,-54,55,-63,111,-3,78,136,-57,-110,36,-54,95,-32,-114,-10,14,-123,19,-78,-108,-127,-32,-13,-105,0
105,63,119,61,31,142,73,-50,-35,-43,-87,-60,-11,156,-36,-62,-82,-72,-82,-86,0,24,164,151,-5,-2,56,-95,-111,168,38,11,146,14,-82,-38,139,26,-8,213,0
86,112,72,90,136,-165,128,-121,2,-77,-140,-37,-173,26,-22,-44,-188,52,-51,111,-155,80,122,-54,-205,37,-183,94,-43,-172,-190,-208,-181,20,-137,-48,-163,-33,-13,-141,0
155,70,99,63,21,77,47,-94,-36,-60,-111,-33,-127,214,-17,-26,-63,66,-61,116,-142,70,130,125,-200,34,-181,97,-50,-174,-184,-189,-175,-29,-121,-60,-165,18,-14,-137,0
93,96,98,17,102,-172,127,-49,-9,-62,-73,-56,-2,-47,-22,-75,-66,-31,-114,-29,7,-54,146,-9,-5,-39,103,-48,-104,154,46,29,186,92,-118,-34,66,-27,-29,138,0
169,103,52,65,46,-79,22,-106,-76,-131,6,-137,-102,232,22,-50,-127,34,-55,119,-214,-27,137,64,-193,-34,-198,-51,-27,-176,-180,-150,-200,56,-66,-161,-171,-17,56,-152,0
93,102,100,20,107,127,131,-51,-7,-43,-88,-59,-11,-34,-35,-60,-83,-73,-81,-95,0,23,213,-11,-5,-3,55,-80,-110,167,37,9,146,90,-82,-38,138,-46,-45,212,0
87,111,66,91,135,-160,125,-118,1,-132,1,-116,-117,21,13,-61,-118,56,-69,113,-209,77,96,-58,-194,36,-198,95,-23,-173,-185,-159,-195,17,-115,-117,-163,-31,-13,-141,0
109,64,121,62,33,57,78,-47,-36,-45,-94,-62,1,158,-21,-87,-61,-13,-128,-31,-37,-51,203,151,80,-40,-3,-86,-105,34,23,28,22,13,-128,-58,140,24,-13,80,0
104,62,118,60,30,142,72,-68,-35,-42,-88,-49,-35,156,-34,-69,-80,-46,-96,41,17,23,164,151,-10,-8,19,-60,-112,15,22,-11,-2,12,-95,-48,29,27,-7,77,0
103,118,79,46,111,136,121,-69,-22,-66,-63,-34,-21,73,23,-27,-58,-30,-82,-17,-34,-38,10,-104,-8,-48,-33,-54,-56,1,-12,26,10,68,-112,-62,30,-17,-91,45,0
109,66,123,64,34,51,80,-67,-38,-69,-63,-34,-10,156,-92,-27,-67,-34,-82,-22,-40,-38,204,151,-4,-50,-29,-57,-54,-1,-2,28,8,17,-114,-50,32,23,-11,44,0
167,104,47,65,49,-163,20,-116,-79,-77,-125,-43,-170,232,5,-59,-167,28,-39,119,-166,-26,127,59,-203,-35,-187,-72,-22,-175,-191,-206,-191,59,-100,-64,-171,-19,61,-151,0
103,118,81,45,111,137,123,-68,-22,-42,-88,-48,-36,76,-33,-68,-79,-45,-97,40,17,24,-31,-94,-10,-6,20,-55,-112,15,22,-10,-2,70,-97,-48,29,-17,-89,77,0
92,95,95,18,102,-173,126,-48,-10,-53,-84,-54,-3,-53,-34,-45,-75,-66,-80,-28,-28,-9,150,-19,-1,-47,-7,-38,-94,4,26,28,-4,90,-92,-30,26,-27,-37,52,0
93,101,100,19,107,127,130,-46,-7,-49,-79,-62,-5,-35,-52,-36,-100,-14,-78,88,-11,5,214,-11,-3,-19,3,-49,-78,11,27,16,-2,90,-97,-38,25,-46,-39,67,0
91,94,101,14,101,-172,128,-47,-8,-56,-80,-60,0,-45,-23,-82,-67,137,-120,63,-49,99,146,4,-18,139,-8,-80,-105,3,15,29,27,96,-120,-55,32,-25,-12,60,0
87,113,69,91,136,-155,127,-92,1,-93,-73,-37,-116,31,25,-59,-122,55,-80,112,-144,78,102,-57,-200,36,-180,95,-24,-173,-187,-181,-162,19,-110,38,-163,-32,-13,-141,0
155,69,102,62,20,-168,51,-124,-34,-92,-141,-67,-140,213,-22,-50,-188,69,-42,117,-120,68,239,127,-201,34,-173,97,-28,-174,-176,-196,-163,-27,-83,-61,-165,19,-15,-136,0
155,68,102,62,20,-153,50,57,-34,61,17,37,66,213,-17,-31,-78,68,-47,117,8,69,128,127,-118,34,-44,96,-45,-108,-8,10,-105,-28,-132,-75,-128,19,-15,-100,0
119,82,108,68,43,93,57,-49,-56,-61,-73,-53,0,179,-31,-73,-63,-1,-101,-58,-49,-44,170,144,83,-12,-8,-100,-112,40,17,31,26,-38,-97,-56,158,10,-68,91,0
103,62,120,61,31,141,76,-49,-35,-42,-84,-59,-19,152,-58,-22,-25,-88,-87,-51,7,10,163,151,97,-28,12,-47,-97,22,31,28,-2,19,-132,-43,79,27,-2,72,0
103,117,77,46,110,134,120,-55,-23,-68,-60,-45,-5,69,-95,-1,-75,-42,-119,-21,-40,-28,-40,-107,0,-49,-18,-44,-67,0,17,32,1,67,-120,-42,32,-17,-93,46,0
110,65,120,63,33,64,76,-71,-37,-39,-107,-46,-22,159,-7,-111,-58,73,-114,126,9,-12,205,150,-4,13,17,-65,-97,10,29,1,14,10,-125,-71,23,24,-17,51,0
167,104,46,65,49,-165,20,-135,-80,-73,-128,-13,-167,233,27,-55,-192,27,-44,119,-130,-26,120,58,-203,-35,-176,-75,-24,-174,-185,-205,-184,59,-87,-87,-171,-19,62,-151,0
93,96,96,19,103,-172,127,-50,-10,-61,-73,-53,0,-50,-32,-73,-63,-1,-101,-65,-50,-44,149,-18,85,-12,-9,-83,-112,41,15,31,26,90,-93,-55,157,-28,-37,90,0
103,119,81,45,111,139,123,-71,-22,-40,-103,-44,-28,77,-11,-120,-53,70,-121,127,12,-11,-45,-79,-5,10,21,-55,-88,11,29,-4,14,70,-121,-73,23,-17,-55,53,0
155,69,99,63,20,-156,46,-125,-35,-48,-136,4,-150,215,-22,-57,-206,67,-37,117,-116,70,98,125,-203,34,-168,97,-22,-173,-175,-199,-158,-29,-99,-99,-165,19,-14,-137,0
93,102,98,21,107,127,130,-46,-8,-56,-77,-68,0,-38,-25,-36,-58,-29,21,-33,-41,8,213,-19,-15,-19,9,97,-73,24,23,28,56,88,28,-73,31,-46,-52,44,0
93,96,94,18,103,-172,126,-67,-10,-66,-66,-44,-11,-53,-44,-72,-58,-17,-92,-32,-59,-10,150,-23,-15,-16,3,70,-112,25,3,26,66,90,-71,-63,36,-27,-39,39,0
168,155,37,29,63,142,45,-67,-146,-40,-100,-52,-29,233,-17,-121,-45,-76,-125,-52,12,-3,-69,47,-30,-45,22,-48,-68,37,28,-6,17,-123,-113,-65,26,-8,-130,83,0
103,62,120,60,31,142,76,-69,-35,-65,-65,-48,-16,151,-45,-73,-53,-13,-86,-28,-59,-13,161,151,-15,-13,5,62,-112,25,1,25,67,20,-76,-66,37,27,0,39,0
91,93,97,15,101,-172,126,-48,-9,-42,-86,-59,-15,-53,-65,-13,-85,87,-110,-93,2,168,150,-9,-23,152,14,-28,-81,4,29,8,28,93,-144,-37,29,-24,-24,91,0
170,158,37,27,61,138,45,-47,-149,-60,-68,-60,-1,232,-76,-59,-90,-83,-67,-81,-17,15,-66,41,-3,-25,56,-98,-99,166,39,23,153,-121,-28,-40,128,-7,-130,206,0
119,82,110,68,43,91,60,-46,-57,-44,-91,-65,-2,178,-19,-7,-60,-34,27,-31,-1,-49,172,145,-13,-41,70,-34,-77,139,40,27,175,-34,24,-44,64,10,-66,142,0
155,69,103,62,21,-127,52,-136,-34,-129,-111,-84,-161,212,21,-50,-129,70,-41,117,-175,67,141,128,-201,34,-190,97,-24,-175,-196,-198,-183,-26,-52,-86,-165,18,-15,-136,0
93,97,97,18,103,-172,127,-70,-10,-41,-101,-44,-33,-46,-11,-123,-50,-78,-124,-58,17,2,144,-11,-31,-43,24,-39,-80,36,27,-14,17,92,-119,-64,26,-28,-31,83,0
72,78,119,-5,97,-170,135,-51,4,-42,-102,-64,3,-44,-152,-220,-64,-58,-263,-49,-22,-68,-16,54,-22,-65,-2,-76,-201,2,19,17,22,106,-287,-68,20,-11,19,35,0
144,56,120,55,18,-163,75,-243,-20,-213,-277,-197,-241,194,-30,-52,-269,-28,-40,-49,-229,-35,97,143,-200,-39,-203,-81,-25,-172,-204,-222,-197,-25,-112,-235,-170,26,-16,-155,0
64,65,133,-16,89,-165,138,-299,12,-290,-324,-280,-267,-40,52,-201,-290,-196,-40,-199,-243,-190,135,91,-197,-195,-199,-207,-120,-167,-202,-222,-192,110,-125,-277,-164,5,41,-150,0
129,44,136,45,25,-175,99,-113,-7,-76,-204,-31,-65,164,-252,-284,-63,-18,-300,-19,6,10,-97,153,-32,19,15,-31,-273,-6,-3,-40,18,15,-319,-16,-18,32,-12,9,0
65,42,143,-9,72,-175,134,-133,15,-169,-98,-200,-179,-39,-82,-68,-187,-195,-70,-198,-227,-189,-81,126,-195,-193,-198,-206,-21,-164,-196,-198,-190,103,-97,-201,-161,24,50,-147,0
63,42,142,-7,70,-175,133,-45,13,-44,-83,-91,-53,-41,-136,-58,-119,-157,-119,-176,-112,-171,-95,125,-115,-164,-109,-196,-93,-93,-111,-117,-75,103,-134,-128,-81,24,52,-88,0
64,43,142,-10,71,-175,133,-45,14,-47,-79,-74,-56,-41,-188,-242,-50,-138,-275,-134,-74,-62,-95,124,-33,-95,-25,-122,-232,35,-55,-66,31,104,-298,-62,15,23,52,63,0
66,43,143,-10,70,-169,133,-271,15,-248,-301,-229,-254,-33,-24,-73,-279,-195,-27,-198,-236,-189,66,127,-195,-194,-198,-206,-21,-164,-201,-221,-190,102,-102,-250,-161,23,50,-147,0
231,35,291,33,167,-175,265,-48,2,-59,-81,-67,3,199,-15,-89,-63,-41,-114,-19,-45,-70,-98,253,-21,-51,-9,-100,-88,2,13,26,24,80,-107,-65,19,33,30,32,0
168,51,182,51,55,-162,153,-114,-16,-73,-136,-38,-170,184,-24,-56,-200,-196,-38,-200,-158,-192,91,187,-200,-196,-183,-208,-22,-170,-187,-205,-186,201,-96,-56,-168,27,185,-154,0
80,91,184,46,157,-175,162,-48,13,-48,-86,-58,-6,-45,-65,-33,-94,-100,-77,-82,-9,-1,-97,193,-24,-45,2,-15,-73,6,24,12,-2,199,-97,-33,12,-37,185,59,0
81,94,183,34,157,-164,161,-125,13,-81,-136,-38,-180,-33,-22,-57,-204,-196,-45,-200,-160,-191,101,195,-202,-196,-183,-207,-26,-169,-190,-208,-182,196,-117,-46,-168,-42,185,-153,0
42,67,0,-3,16,-175,-6,-56,37,-39,-109,-55,-42,16,-73,-68,-27,-66,-117,-108,-55,-104,-47,3,139,-83,-1,-132,-112,57,19,51,29,-136,-125,-57,118,12,-130,50,0
61,125,24,24,-7,59,10,-57,30,-74,-73,-63,-60,-44,-46,-117,-78,-59,-160,34,-82,-69,-86,-17,-9,-76,-30,-115,-116,26,-55,-57,30,-108,-151,-53,7,-34,-123,52,0
51,77,18,55,3,-175,26,-89,-14,-69,-93,-36,-90,64,-44,-93,-74,-92,-132,-99,-68,-96,-83,-122,-2,-104,-32,-118,-124,10,-63,-74,30,-88,-129,-68,-9,18,-125,24,0
46,41,-17,8,9,-175,18,-62,24,-39,-113,-44,-72,92,55,-70,-81,-75,-128,-87,-54,-102,-18,-80,-5,-88,-24,-130,-96,8,-55,-64,33,-105,-140,-75,-12,38,-133,11,0
47,41,-18,8,9,-175,18,-53,24,-69,-73,-65,-45,92,-49,-128,-67,-127,-166,-121,43,-21,-52,-80,37,-68,138,-144,-123,182,86,-28,183,-105,-152,-43,98,38,-133,159,0
51,75,18,55,2,-175,26,-53,-14,-40,-105,-62,-67,66,60,-66,-89,-100,-115,-95,-31,1,-84,-120,-24,-67,22,48,-92,23,-40,-73,60,-89,-124,-82,12,19,-124,29,0
60,126,24,24,-7,60,10,-89,30,-65,-97,-38,-90,-38,-50,-101,-73,-102,-131,-107,-43,66,-89,-16,-26,-7,18,54,-122,31,-45,-77,63,-109,-122,-77,8,-33,-123,52,0
61,127,24,24,-7,62,9,-89,30,-66,-95,-34,-90,-22,88,-90,-74,-122,-135,-106,-53,-43,-88,-15,-33,-95,5,-106,-76,48,-55,-84,58,-110,-135,-44,-8,-34,-123,10,0
42,67,0,-3,16,-174,-6,-55,37,-39,-106,-41,-65,17,-114,-63,-86,-99,-139,-95,80,-103,-47,3,10,-106,137,-104,-106,150,76,-51,184,-136,-172,-28,47,12,-130,93,0
52,78,17,55,3,-175,26,-58,-15,-76,-73,-63,-58,62,-58,-3,-69,-126,17,-120,-74,-30,-83,-123,-28,-79,-8,-66,-90,36,-53,-68,59,-88,19,-54,-14,17,-125,11,0
60,125,24,24,-7,58,11,-56,30,-74,-73,-69,-58,-47,-56,-10,-67,-55,15,-122,-53,110,-89,-18,-28,71,6,-29,-91,28,-46,-66,60,-109,20,-59,51,-33,-123,128,0
47,41,-18,10,8,-175,17,-88,24,-69,-92,-34,-87,92,-80,-68,-74,-119,-123,-107,-56,-52,-51,-81,-28,-100,-1,-107,-118,37,-59,-81,61,-105,-110,-44,-4,38,-133,6,0
47,41,-18,11,8,-175,17,-58,24,-39,-110,-50,-42,91,-114,-64,-27,-67,-155,-109,-55,-104,-49,-81,141,-83,0,-130,-97,60,24,55,29,-105,-179,-68,119,39,-133,52,0
52,79,17,55,3,-175,26,-50,-15,-62,-75,-72,-54,61,-53,5,-84,-50,16,33,-81,-67,-82,-124,-2,-71,-36,-108,-85,21,-54,-47,28,-88,14,-56,7,16,-125,49,0
61,122,25,23,-7,54,12,-89,30,-69,-94,-37,-88,-54,-78,44,-74,-84,36,-101,-70,-98,-87,-19,8,-99,-39,-115,-46,4,-64,-71,25,-108,13,-67,-8,-34,-123,13,0
61,124,24,24,-7,57,11,-88,30,-72,-89,-35,-88,-50,-80,-65,-74,18,-123,62,-67,-70,-86,-19,1,-33,-30,-118,-110,13,-56,-62,31,-108,-99,-67,8,-34,-123,33,0
37,162,65,-10,50,97,79,-116,-146,-134,-131,-106,-48,-40,-247,-291,-16,15,-305,90,-45,40,-61,31,-23,14,-23,91,-273,-20,-30,-13,22,-7,-325,-31,-26,50,24,8,0
56,165,70,-3,27,130,70,-120,-141,-82,-195,-35,-72,-34,-251,-282,-41,27,-299,109,1,12,-65,25,-41,12,9,59,-271,-10,-10,-43,15,16,-318,-17,-27,19,16,-9,0
57,166,70,-3,25,-175,69,-120,-141,-82,-195,-35,-72,-33,-252,-281,-41,28,-298,110,1,13,199,26,-41,12,9,59,-271,-11,-10,-43,15,16,-317,-18,-26,20,16,-9,0
39,162,65,-11,49,-175,79,-116,-146,-134,-131,-105,-48,-38,-248,-289,-15,15,-304,90,-46,40,193,32,-22,13,-23,91,-273,-21,-30,-13,22,-8,-324,-30,-26,50,24,8,0
38,165,69,7,41,140,77,-114,-147,-133,-129,-106,-47,-49,-157,-249,-17,16,-270,93,-47,39,-16,34,-22,13,-25,90,-229,-22,-29,-12,21,-7,-324,-30,-26,20,23,7,0
56,167,70,0,24,140,69,-120,-142,-82,-195,-35,-72,-37,-167,-238,-41,28,-257,110,1,13,-21,27,-41,12,9,60,-227,-11,-10,-43,15,16,-314,-17,-26,21,16,-9,0
52,166,70,-30,35,-175,74,-118,-145,-81,-193,-36,-70,-26,-177,-234,-41,26,-248,109,1,13,185,23,-42,12,10,62,-227,-10,-9,-42,14,16,-310,-19,-27,58,15,-10,0
38,163,65,-22,50,-175,79,-116,-148,-135,-131,-105,-49,-35,-165,-244,-15,15,-262,91,-46,40,181,31,-23,14,-23,91,-228,-21,-30,-13,22,-7,-320,-31,-26,58,24,8,0
113,68,118,64,34,95,72,-299,-41,-289,-325,-278,-268,165,-215,-242,-292,-195,-275,-199,-243,-189,188,149,-196,-193,-198,-206,-244,-164,-201,-222,-190,0,-324,-276,-161,22,-30,-147,0
96,107,96,34,109,135,129,-298,-10,-290,-323,-280,-267,-31,-154,-269,-291,-195,-286,-198,-244,-189,137,-35,-196,-193,-199,-206,-255,-165,-202,-222,-191,85,-320,-277,-161,-22,-66,-147,0
176,164,30,19,60,135,46,-298,-156,-290,-323,-281,-267,231,-154,-270,-289,-195,-288,-198,-245,-189,136,7,-195,-194,-200,-207,-257,-166,-202,-221,-193,-118,-320,-278,-162,-17,-134,-148,0
70,76,122,-10,94,-170,136,-74,5,-44,-91,-38,-47,-42,-42,-51,25,-80,-99,45,21,-104,-15,64,120,-108,23,-180,-91,-14,38,48,-47,109,-113,-56,59,-8,27,-14,0
144,55,120,55,18,-175,75,-121,-19,-81,-137,-50,-180,194,-4,-50,-189,-28,-43,-49,-176,-35,251,143,-200,-40,-189,-82,-29,-173,-192,-207,-193,-24,-82,-75,-169,27,-16,-155,0
76,99,96,68,132,-175,138,-129,11,-86,-138,-46,-185,-51,-2,-61,-198,-23,-41,-32,-173,-42,128,-44,-202,-41,-187,-105,-23,-171,-193,-209,-187,59,-102,-59,-170,-34,-20,-154,0
91,47,134,46,31,-169,100,-53,-15,-41,-90,-59,-19,116,-57,-41,-45,-89,-83,-38,2,-115,-21,152,112,-117,11,-171,-87,-11,34,29,-72,60,-98,-39,112,33,33,9,0
73,79,119,-6,97,-170,135,-50,4,-64,-71,-60,-3,-41,-22,-84,-64,-136,-112,-150,-22,-53,-17,55,4,-114,92,-50,-98,174,47,29,174,107,-108,-42,110,-12,20,185,0
144,55,121,55,18,-93,76,-127,-19,-130,-95,-97,-165,194,-2,-52,-135,-29,-55,-50,-206,-35,-61,143,-200,-40,-198,-80,-35,-172,-198,-195,-195,-24,-84,-100,-169,27,-15,-155,0
73,79,116,-2,98,-171,134,-58,3,-70,-60,-44,-1,-49,-94,-32,-98,56,-69,-160,-40,159,-11,45,-35,133,2,31,-79,29,18,30,50,105,-86,-42,11,-12,13,91,0
75,98,95,69,132,-85,138,-114,12,-127,-87,-104,-148,-53,2,-52,-142,-24,-60,-34,-207,-41,-55,-46,-201,-40,-197,-103,-45,-170,-195,-192,-191,58,-85,-92,-170,-33,-20,-154,0
